,Date,sulfate,nitrate,ID
0,2002-01-01,,,25
1,2002-01-02,,,25
2,2002-01-03,,,25
3,2002-01-04,,,25
4,2002-01-05,,,25
5,2002-01-06,,,25
6,2002-01-07,,,25
7,2002-01-08,,,25
8,2002-01-09,,,25
9,2002-01-10,,,25
10,2002-01-11,,,25
11,2002-01-12,,,25
12,2002-01-13,,,25
13,2002-01-14,,,25
14,2002-01-15,,,25
15,2002-01-16,,,25
16,2002-01-17,,,25
17,2002-01-18,,,25
18,2002-01-19,,,25
19,2002-01-20,,,25
20,2002-01-21,,,25
21,2002-01-22,,,25
22,2002-01-23,,,25
23,2002-01-24,,,25
24,2002-01-25,,,25
25,2002-01-26,,,25
26,2002-01-27,,,25
27,2002-01-28,,,25
28,2002-01-29,,,25
29,2002-01-30,,,25
30,2002-01-31,,,25
31,2002-02-01,,,25
32,2002-02-02,,,25
33,2002-02-03,,,25
34,2002-02-04,,,25
35,2002-02-05,,,25
36,2002-02-06,,,25
37,2002-02-07,0.88,6.2,25
38,2002-02-08,,,25
39,2002-02-09,,,25
40,2002-02-10,,,25
41,2002-02-11,,,25
42,2002-02-12,,,25
43,2002-02-13,1.0,4.3,25
44,2002-02-14,,,25
45,2002-02-15,,,25
46,2002-02-16,,,25
47,2002-02-17,,,25
48,2002-02-18,,,25
49,2002-02-19,1.5,4.7,25
50,2002-02-20,,,25
51,2002-02-21,,,25
52,2002-02-22,,,25
53,2002-02-23,,,25
54,2002-02-24,,,25
55,2002-02-25,0.77,1.5,25
56,2002-02-26,,,25
57,2002-02-27,,,25
58,2002-02-28,,,25
59,2002-03-01,,,25
60,2002-03-02,,,25
61,2002-03-03,0.78,0.9,25
62,2002-03-04,,,25
63,2002-03-05,,,25
64,2002-03-06,,,25
65,2002-03-07,,,25
66,2002-03-08,,,25
67,2002-03-09,0.64,1.4,25
68,2002-03-10,,,25
69,2002-03-11,,,25
70,2002-03-12,,,25
71,2002-03-13,,,25
72,2002-03-14,,,25
73,2002-03-15,,,25
74,2002-03-16,,,25
75,2002-03-17,,,25
76,2002-03-18,,,25
77,2002-03-19,,,25
78,2002-03-20,,,25
79,2002-03-21,1.0,1.0,25
80,2002-03-22,,,25
81,2002-03-23,,,25
82,2002-03-24,,,25
83,2002-03-25,,,25
84,2002-03-26,,,25
85,2002-03-27,1.2,3.7,25
86,2002-03-28,,,25
87,2002-03-29,,,25
88,2002-03-30,,,25
89,2002-03-31,,,25
90,2002-04-01,,,25
91,2002-04-02,1.9,1.1,25
92,2002-04-03,,,25
93,2002-04-04,,,25
94,2002-04-05,,,25
95,2002-04-06,,,25
96,2002-04-07,,,25
97,2002-04-08,2.0,2.9,25
98,2002-04-09,,,25
99,2002-04-10,,,25
100,2002-04-11,,,25
101,2002-04-12,,,25
102,2002-04-13,,,25
103,2002-04-14,2.2,0.83,25
104,2002-04-15,,,25
105,2002-04-16,,,25
106,2002-04-17,,,25
107,2002-04-18,,,25
108,2002-04-19,,,25
109,2002-04-20,0.68,0.71,25
110,2002-04-21,,,25
111,2002-04-22,,,25
112,2002-04-23,,,25
113,2002-04-24,,,25
114,2002-04-25,,,25
115,2002-04-26,1.2,0.25,25
116,2002-04-27,,,25
117,2002-04-28,,,25
118,2002-04-29,,,25
119,2002-04-30,,,25
120,2002-05-01,,,25
121,2002-05-02,2.0,1.2,25
122,2002-05-03,,,25
123,2002-05-04,,,25
124,2002-05-05,,,25
125,2002-05-06,,,25
126,2002-05-07,,,25
127,2002-05-08,2.0,1.4,25
128,2002-05-09,,,25
129,2002-05-10,,,25
130,2002-05-11,,,25
131,2002-05-12,,,25
132,2002-05-13,,,25
133,2002-05-14,1.2,0.69,25
134,2002-05-15,,,25
135,2002-05-16,,,25
136,2002-05-17,,,25
137,2002-05-18,,,25
138,2002-05-19,,,25
139,2002-05-20,,,25
140,2002-05-21,,,25
141,2002-05-22,,,25
142,2002-05-23,,,25
143,2002-05-24,,,25
144,2002-05-25,,,25
145,2002-05-26,,,25
146,2002-05-27,1.5,1.2,25
147,2002-05-28,,,25
148,2002-05-29,,,25
149,2002-05-30,,,25
150,2002-05-31,,,25
151,2002-06-01,0.86,0.22,25
152,2002-06-02,,,25
153,2002-06-03,,,25
154,2002-06-04,,,25
155,2002-06-05,,,25
156,2002-06-06,,,25
157,2002-06-07,2.0,1.2,25
158,2002-06-08,,,25
159,2002-06-09,,,25
160,2002-06-10,,,25
161,2002-06-11,,,25
162,2002-06-12,,,25
163,2002-06-13,1.8,1.6,25
164,2002-06-14,,,25
165,2002-06-15,,,25
166,2002-06-16,,,25
167,2002-06-17,,,25
168,2002-06-18,,,25
169,2002-06-19,1.7,1.5,25
170,2002-06-20,,,25
171,2002-06-21,,,25
172,2002-06-22,,,25
173,2002-06-23,,,25
174,2002-06-24,,,25
175,2002-06-25,2.5,1.6,25
176,2002-06-26,,,25
177,2002-06-27,,,25
178,2002-06-28,,,25
179,2002-06-29,,,25
180,2002-06-30,,,25
181,2002-07-01,2.6,1.5,25
182,2002-07-02,,,25
183,2002-07-03,,,25
184,2002-07-04,,,25
185,2002-07-05,,,25
186,2002-07-06,,,25
187,2002-07-07,2.2,1.1,25
188,2002-07-08,,,25
189,2002-07-09,,,25
190,2002-07-10,,,25
191,2002-07-11,,,25
192,2002-07-12,,,25
193,2002-07-13,3.2,1.5,25
194,2002-07-14,,,25
195,2002-07-15,,,25
196,2002-07-16,,,25
197,2002-07-17,,,25
198,2002-07-18,,,25
199,2002-07-19,2.4,1.0,25
200,2002-07-20,,,25
201,2002-07-21,,,25
202,2002-07-22,,,25
203,2002-07-23,,,25
204,2002-07-24,,,25
205,2002-07-25,1.7,1.0,25
206,2002-07-26,,,25
207,2002-07-27,,,25
208,2002-07-28,,,25
209,2002-07-29,,,25
210,2002-07-30,,,25
211,2002-07-31,2.3,1.2,25
212,2002-08-01,,,25
213,2002-08-02,,,25
214,2002-08-03,,,25
215,2002-08-04,,,25
216,2002-08-05,,,25
217,2002-08-06,1.9,1.0,25
218,2002-08-07,,,25
219,2002-08-08,,,25
220,2002-08-09,,,25
221,2002-08-10,,,25
222,2002-08-11,,,25
223,2002-08-12,2.0,1.1,25
224,2002-08-13,,,25
225,2002-08-14,,,25
226,2002-08-15,,,25
227,2002-08-16,,,25
228,2002-08-17,,,25
229,2002-08-18,,,25
230,2002-08-19,,,25
231,2002-08-20,,,25
232,2002-08-21,,,25
233,2002-08-22,,,25
234,2002-08-23,,,25
235,2002-08-24,0.72,0.23,25
236,2002-08-25,,,25
237,2002-08-26,,,25
238,2002-08-27,,,25
239,2002-08-28,,,25
240,2002-08-29,,,25
241,2002-08-30,1.7,0.7,25
242,2002-08-31,,,25
243,2002-09-01,,,25
244,2002-09-02,,,25
245,2002-09-03,,,25
246,2002-09-04,,,25
247,2002-09-05,3.3,0.83,25
248,2002-09-06,,,25
249,2002-09-07,,,25
250,2002-09-08,,,25
251,2002-09-09,,,25
252,2002-09-10,,,25
253,2002-09-11,,,25
254,2002-09-12,2.9,1.3,25
255,2002-09-13,,,25
256,2002-09-14,,,25
257,2002-09-15,,,25
258,2002-09-16,,,25
259,2002-09-17,1.2,0.58,25
260,2002-09-18,,,25
261,2002-09-19,,,25
262,2002-09-20,,,25
263,2002-09-21,,,25
264,2002-09-22,,,25
265,2002-09-23,,,25
266,2002-09-24,,,25
267,2002-09-25,,,25
268,2002-09-26,,,25
269,2002-09-27,,,25
270,2002-09-28,,,25
271,2002-09-29,0.84,0.43,25
272,2002-09-30,,,25
273,2002-10-01,,,25
274,2002-10-02,,,25
275,2002-10-03,,,25
276,2002-10-04,,,25
277,2002-10-05,1.2,1.4,25
278,2002-10-06,,,25
279,2002-10-07,,,25
280,2002-10-08,,,25
281,2002-10-09,,,25
282,2002-10-10,,,25
283,2002-10-11,1.4,0.78,25
284,2002-10-12,,,25
285,2002-10-13,,,25
286,2002-10-14,,,25
287,2002-10-15,,,25
288,2002-10-16,,,25
289,2002-10-17,1.9,0.81,25
290,2002-10-18,,,25
291,2002-10-19,,,25
292,2002-10-20,,,25
293,2002-10-21,,,25
294,2002-10-22,,,25
295,2002-10-23,2.3,2.6,25
296,2002-10-24,,,25
297,2002-10-25,,,25
298,2002-10-26,,,25
299,2002-10-27,,,25
300,2002-10-28,,,25
301,2002-10-29,2.1,2.0,25
302,2002-10-30,,,25
303,2002-10-31,,,25
304,2002-11-01,,,25
305,2002-11-02,,,25
306,2002-11-03,,,25
307,2002-11-04,,,25
308,2002-11-05,,,25
309,2002-11-06,,,25
310,2002-11-07,,,25
311,2002-11-08,,,25
312,2002-11-09,,,25
313,2002-11-10,0.46,0.37,25
314,2002-11-11,,,25
315,2002-11-12,0.28,0.54,25
316,2002-11-13,,,25
317,2002-11-14,,,25
318,2002-11-15,,,25
319,2002-11-16,0.88,1.0,25
320,2002-11-17,,,25
321,2002-11-18,,,25
322,2002-11-19,,,25
323,2002-11-20,,,25
324,2002-11-21,,,25
325,2002-11-22,1.1,4.5,25
326,2002-11-23,,,25
327,2002-11-24,,,25
328,2002-11-25,,,25
329,2002-11-26,,,25
330,2002-11-27,,,25
331,2002-11-28,,,25
332,2002-11-29,,,25
333,2002-11-30,,,25
334,2002-12-01,,,25
335,2002-12-02,,,25
336,2002-12-03,,,25
337,2002-12-04,0.82,5.5,25
338,2002-12-05,,,25
339,2002-12-06,,,25
340,2002-12-07,,,25
341,2002-12-08,,,25
342,2002-12-09,,,25
343,2002-12-10,0.89,5.6,25
344,2002-12-11,,,25
345,2002-12-12,,,25
346,2002-12-13,,,25
347,2002-12-14,,,25
348,2002-12-15,,,25
349,2002-12-16,1.3,3.7,25
350,2002-12-17,,,25
351,2002-12-18,,,25
352,2002-12-19,,,25
353,2002-12-20,,,25
354,2002-12-21,,,25
355,2002-12-22,,,25
356,2002-12-23,,,25
357,2002-12-24,,,25
358,2002-12-25,,,25
359,2002-12-26,,,25
360,2002-12-27,,,25
361,2002-12-28,,,25
362,2002-12-29,,,25
363,2002-12-30,,,25
364,2002-12-31,,,25
365,2003-01-01,,,25
366,2003-01-02,,,25
367,2003-01-03,,,25
368,2003-01-04,,,25
369,2003-01-05,,,25
370,2003-01-06,,,25
371,2003-01-07,,,25
372,2003-01-08,,,25
373,2003-01-09,,,25
374,2003-01-10,,,25
375,2003-01-11,,,25
376,2003-01-12,,,25
377,2003-01-13,,,25
378,2003-01-14,,,25
379,2003-01-15,,,25
380,2003-01-16,,,25
381,2003-01-17,0.6,1.2,25
382,2003-01-18,,,25
383,2003-01-19,,,25
384,2003-01-20,,,25
385,2003-01-21,2.6,11.0,25
386,2003-01-22,,,25
387,2003-01-23,1.2,7.3,25
388,2003-01-24,,,25
389,2003-01-25,0.44,1.0,25
390,2003-01-26,,,25
391,2003-01-27,1.0,1.3,25
392,2003-01-28,,,25
393,2003-01-29,,,25
394,2003-01-30,,,25
395,2003-01-31,,,25
396,2003-02-01,,,25
397,2003-02-02,0.85,0.67,25
398,2003-02-03,,,25
399,2003-02-04,,,25
400,2003-02-05,,,25
401,2003-02-06,,,25
402,2003-02-07,,,25
403,2003-02-08,0.64,2.2,25
404,2003-02-09,,,25
405,2003-02-10,,,25
406,2003-02-11,,,25
407,2003-02-12,,,25
408,2003-02-13,,,25
409,2003-02-14,4.3,10.0,25
410,2003-02-15,,,25
411,2003-02-16,,,25
412,2003-02-17,,,25
413,2003-02-18,,,25
414,2003-02-19,,,25
415,2003-02-20,0.75,1.0,25
416,2003-02-21,,,25
417,2003-02-22,,,25
418,2003-02-23,,,25
419,2003-02-24,,,25
420,2003-02-25,,,25
421,2003-02-26,,,25
422,2003-02-27,,,25
423,2003-02-28,,,25
424,2003-03-01,1.2,1.6,25
425,2003-03-02,,,25
426,2003-03-03,,,25
427,2003-03-04,0.59,0.57,25
428,2003-03-05,,,25
429,2003-03-06,,,25
430,2003-03-07,,,25
431,2003-03-08,,,25
432,2003-03-09,,,25
433,2003-03-10,1.5,2.6,25
434,2003-03-11,,,25
435,2003-03-12,,,25
436,2003-03-13,,,25
437,2003-03-14,,,25
438,2003-03-15,,,25
439,2003-03-16,,,25
440,2003-03-17,,,25
441,2003-03-18,0.48,1.0,25
442,2003-03-19,,,25
443,2003-03-20,,,25
444,2003-03-21,,,25
445,2003-03-22,1.1,3.8,25
446,2003-03-23,,,25
447,2003-03-24,,,25
448,2003-03-25,1.2,0.83,25
449,2003-03-26,,,25
450,2003-03-27,,,25
451,2003-03-28,,,25
452,2003-03-29,,,25
453,2003-03-30,,,25
454,2003-03-31,,,25
455,2003-04-01,,,25
456,2003-04-02,,,25
457,2003-04-03,1.1,0.42,25
458,2003-04-04,,,25
459,2003-04-05,,,25
460,2003-04-06,,,25
461,2003-04-07,,,25
462,2003-04-08,,,25
463,2003-04-09,1.2,0.51,25
464,2003-04-10,,,25
465,2003-04-11,,,25
466,2003-04-12,,,25
467,2003-04-13,,,25
468,2003-04-14,,,25
469,2003-04-15,0.59,0.33,25
470,2003-04-16,,,25
471,2003-04-17,,,25
472,2003-04-18,,,25
473,2003-04-19,,,25
474,2003-04-20,,,25
475,2003-04-21,1.6,0.91,25
476,2003-04-22,,,25
477,2003-04-23,,,25
478,2003-04-24,,,25
479,2003-04-25,,,25
480,2003-04-26,,,25
481,2003-04-27,1.0,0.76,25
482,2003-04-28,,,25
483,2003-04-29,,,25
484,2003-04-30,,,25
485,2003-05-01,,,25
486,2003-05-02,,,25
487,2003-05-03,,,25
488,2003-05-04,,,25
489,2003-05-05,,,25
490,2003-05-06,1.4,0.8,25
491,2003-05-07,,,25
492,2003-05-08,,,25
493,2003-05-09,,,25
494,2003-05-10,,,25
495,2003-05-11,,,25
496,2003-05-12,,,25
497,2003-05-13,,,25
498,2003-05-14,,,25
499,2003-05-15,2.8,1.4,25
500,2003-05-16,,,25
501,2003-05-17,,,25
502,2003-05-18,,,25
503,2003-05-19,,,25
504,2003-05-20,,,25
505,2003-05-21,1.7,0.7,25
506,2003-05-22,,,25
507,2003-05-23,,,25
508,2003-05-24,,,25
509,2003-05-25,,,25
510,2003-05-26,,,25
511,2003-05-27,3.3,1.2,25
512,2003-05-28,,,25
513,2003-05-29,,,25
514,2003-05-30,,,25
515,2003-05-31,,,25
516,2003-06-01,,,25
517,2003-06-02,3.4,1.0,25
518,2003-06-03,,,25
519,2003-06-04,,,25
520,2003-06-05,,,25
521,2003-06-06,,,25
522,2003-06-07,,,25
523,2003-06-08,3.0,1.2,25
524,2003-06-09,,,25
525,2003-06-10,,,25
526,2003-06-11,,,25
527,2003-06-12,,,25
528,2003-06-13,,,25
529,2003-06-14,4.6,7.5,25
530,2003-06-15,,,25
531,2003-06-16,,,25
532,2003-06-17,3.1,2.0,25
533,2003-06-18,,,25
534,2003-06-19,,,25
535,2003-06-20,,,25
536,2003-06-21,,,25
537,2003-06-22,,,25
538,2003-06-23,,,25
539,2003-06-24,,,25
540,2003-06-25,,,25
541,2003-06-26,0.9,0.32,25
542,2003-06-27,,,25
543,2003-06-28,,,25
544,2003-06-29,,,25
545,2003-06-30,,,25
546,2003-07-01,,,25
547,2003-07-02,2.8,0.84,25
548,2003-07-03,,,25
549,2003-07-04,,,25
550,2003-07-05,,,25
551,2003-07-06,,,25
552,2003-07-07,,,25
553,2003-07-08,2.5,1.3,25
554,2003-07-09,,,25
555,2003-07-10,,,25
556,2003-07-11,,,25
557,2003-07-12,,,25
558,2003-07-13,,,25
559,2003-07-14,2.7,0.85,25
560,2003-07-15,,,25
561,2003-07-16,,,25
562,2003-07-17,,,25
563,2003-07-18,,,25
564,2003-07-19,,,25
565,2003-07-20,2.4,0.67,25
566,2003-07-21,,,25
567,2003-07-22,,,25
568,2003-07-23,,,25
569,2003-07-24,,,25
570,2003-07-25,,,25
571,2003-07-26,2.5,1.2,25
572,2003-07-27,,,25
573,2003-07-28,,,25
574,2003-07-29,1.9,0.86,25
575,2003-07-30,,,25
576,2003-07-31,,,25
577,2003-08-01,,,25
578,2003-08-02,,,25
579,2003-08-03,,,25
580,2003-08-04,,,25
581,2003-08-05,,,25
582,2003-08-06,,,25
583,2003-08-07,1.9,1.4,25
584,2003-08-08,,,25
585,2003-08-09,,,25
586,2003-08-10,,,25
587,2003-08-11,,,25
588,2003-08-12,,,25
589,2003-08-13,3.6,1.4,25
590,2003-08-14,,,25
591,2003-08-15,,,25
592,2003-08-16,,,25
593,2003-08-17,,,25
594,2003-08-18,,,25
595,2003-08-19,2.1,1.0,25
596,2003-08-20,,,25
597,2003-08-21,,,25
598,2003-08-22,,,25
599,2003-08-23,,,25
600,2003-08-24,,,25
601,2003-08-25,,,25
602,2003-08-26,,,25
603,2003-08-27,,,25
604,2003-08-28,,,25
605,2003-08-29,,,25
606,2003-08-30,,,25
607,2003-08-31,2.4,0.73,25
608,2003-09-01,,,25
609,2003-09-02,,,25
610,2003-09-03,,,25
611,2003-09-04,,,25
612,2003-09-05,,,25
613,2003-09-06,2.6,0.57,25
614,2003-09-07,,,25
615,2003-09-08,,,25
616,2003-09-09,0.64,0.33,25
617,2003-09-10,,,25
618,2003-09-11,,,25
619,2003-09-12,,,25
620,2003-09-13,,,25
621,2003-09-14,,,25
622,2003-09-15,,,25
623,2003-09-16,,,25
624,2003-09-17,,,25
625,2003-09-18,1.3,0.71,25
626,2003-09-19,,,25
627,2003-09-20,,,25
628,2003-09-21,,,25
629,2003-09-22,,,25
630,2003-09-23,,,25
631,2003-09-24,0.49,0.29,25
632,2003-09-25,,,25
633,2003-09-26,,,25
634,2003-09-27,,,25
635,2003-09-28,,,25
636,2003-09-29,,,25
637,2003-09-30,2.6,0.79,25
638,2003-10-01,,,25
639,2003-10-02,,,25
640,2003-10-03,,,25
641,2003-10-04,,,25
642,2003-10-05,,,25
643,2003-10-06,1.6,0.66,25
644,2003-10-07,,,25
645,2003-10-08,,,25
646,2003-10-09,,,25
647,2003-10-10,,,25
648,2003-10-11,,,25
649,2003-10-12,1.5,0.52,25
650,2003-10-13,,,25
651,2003-10-14,,,25
652,2003-10-15,,,25
653,2003-10-16,,,25
654,2003-10-17,,,25
655,2003-10-18,1.5,0.3,25
656,2003-10-19,,,25
657,2003-10-20,,,25
658,2003-10-21,1.5,0.43,25
659,2003-10-22,,,25
660,2003-10-23,,,25
661,2003-10-24,,,25
662,2003-10-25,,,25
663,2003-10-26,,,25
664,2003-10-27,,,25
665,2003-10-28,,,25
666,2003-10-29,,,25
667,2003-10-30,1.3,1.1,25
668,2003-10-31,,,25
669,2003-11-01,,,25
670,2003-11-02,,,25
671,2003-11-03,,,25
672,2003-11-04,,,25
673,2003-11-05,1.1,3.6,25
674,2003-11-06,,,25
675,2003-11-07,,,25
676,2003-11-08,,,25
677,2003-11-09,,,25
678,2003-11-10,,,25
679,2003-11-11,1.7,3.2,25
680,2003-11-12,,,25
681,2003-11-13,,,25
682,2003-11-14,,,25
683,2003-11-15,,,25
684,2003-11-16,,,25
685,2003-11-17,0.91,3.7,25
686,2003-11-18,,,25
687,2003-11-19,,,25
688,2003-11-20,,,25
689,2003-11-21,,,25
690,2003-11-22,,,25
691,2003-11-23,0.23,0.54,25
692,2003-11-24,,,25
693,2003-11-25,,,25
694,2003-11-26,,,25
695,2003-11-27,,,25
696,2003-11-28,,,25
697,2003-11-29,0.43,1.3,25
698,2003-11-30,,,25
699,2003-12-01,,,25
700,2003-12-02,0.63,3.3,25
701,2003-12-03,,,25
702,2003-12-04,,,25
703,2003-12-05,,,25
704,2003-12-06,,,25
705,2003-12-07,,,25
706,2003-12-08,,,25
707,2003-12-09,,,25
708,2003-12-10,,,25
709,2003-12-11,0.86,0.86,25
710,2003-12-12,,,25
711,2003-12-13,,,25
712,2003-12-14,,,25
713,2003-12-15,,,25
714,2003-12-16,,,25
715,2003-12-17,0.21,1.1,25
716,2003-12-18,,,25
717,2003-12-19,,,25
718,2003-12-20,,,25
719,2003-12-21,,,25
720,2003-12-22,,,25
721,2003-12-23,0.39,2.1,25
722,2003-12-24,,,25
723,2003-12-25,,,25
724,2003-12-26,,,25
725,2003-12-27,,,25
726,2003-12-28,,,25
727,2003-12-29,,,25
728,2003-12-30,0.87,4.0,25
729,2003-12-31,,,25
730,2004-01-01,,,25
731,2004-01-02,,,25
732,2004-01-03,,,25
733,2004-01-04,0.09,0.76,25
734,2004-01-05,,,25
735,2004-01-06,,,25
736,2004-01-07,,,25
737,2004-01-08,,,25
738,2004-01-09,,,25
739,2004-01-10,0.47,1.4,25
740,2004-01-11,,,25
741,2004-01-12,,,25
742,2004-01-13,1.5,3.7,25
743,2004-01-14,,,25
744,2004-01-15,,,25
745,2004-01-16,,,25
746,2004-01-17,,,25
747,2004-01-18,,,25
748,2004-01-19,,,25
749,2004-01-20,,,25
750,2004-01-21,,,25
751,2004-01-22,,,25
752,2004-01-23,,,25
753,2004-01-24,,,25
754,2004-01-25,,,25
755,2004-01-26,,,25
756,2004-01-27,,,25
757,2004-01-28,1.7,10.0,25
758,2004-01-29,,,25
759,2004-01-30,,,25
760,2004-01-31,,,25
761,2004-02-01,,,25
762,2004-02-02,,,25
763,2004-02-03,0.42,0.42,25
764,2004-02-04,,,25
765,2004-02-05,,,25
766,2004-02-06,,,25
767,2004-02-07,,,25
768,2004-02-08,,,25
769,2004-02-09,0.19,0.93,25
770,2004-02-10,,,25
771,2004-02-11,,,25
772,2004-02-12,,,25
773,2004-02-13,,,25
774,2004-02-14,,,25
775,2004-02-15,0.76,8.2,25
776,2004-02-16,,,25
777,2004-02-17,,,25
778,2004-02-18,,,25
779,2004-02-19,,,25
780,2004-02-20,,,25
781,2004-02-21,,,25
782,2004-02-22,,,25
783,2004-02-23,,,25
784,2004-02-24,1.4,4.0,25
785,2004-02-25,,,25
786,2004-02-26,,,25
787,2004-02-27,,,25
788,2004-02-28,,,25
789,2004-02-29,,,25
790,2004-03-01,,,25
791,2004-03-02,,,25
792,2004-03-03,,,25
793,2004-03-04,1.6,3.5,25
794,2004-03-05,,,25
795,2004-03-06,,,25
796,2004-03-07,,,25
797,2004-03-08,,,25
798,2004-03-09,,,25
799,2004-03-10,0.75,1.1,25
800,2004-03-11,,,25
801,2004-03-12,,,25
802,2004-03-13,,,25
803,2004-03-14,,,25
804,2004-03-15,,,25
805,2004-03-16,0.8,0.65,25
806,2004-03-17,,,25
807,2004-03-18,,,25
808,2004-03-19,,,25
809,2004-03-20,,,25
810,2004-03-21,,,25
811,2004-03-22,2.3,1.0,25
812,2004-03-23,,,25
813,2004-03-24,,,25
814,2004-03-25,,,25
815,2004-03-26,,,25
816,2004-03-27,,,25
817,2004-03-28,0.58,0.37,25
818,2004-03-29,,,25
819,2004-03-30,,,25
820,2004-03-31,,,25
821,2004-04-01,,,25
822,2004-04-02,,,25
823,2004-04-03,1.3,3.0,25
824,2004-04-04,,,25
825,2004-04-05,,,25
826,2004-04-06,1.6,1.5,25
827,2004-04-07,,,25
828,2004-04-08,,,25
829,2004-04-09,,,25
830,2004-04-10,,,25
831,2004-04-11,,,25
832,2004-04-12,,,25
833,2004-04-13,,,25
834,2004-04-14,,,25
835,2004-04-15,1.5,0.93,25
836,2004-04-16,,,25
837,2004-04-17,,,25
838,2004-04-18,,,25
839,2004-04-19,,,25
840,2004-04-20,1.5,0.73,25
841,2004-04-21,,,25
842,2004-04-22,,,25
843,2004-04-23,,,25
844,2004-04-24,,,25
845,2004-04-25,,,25
846,2004-04-26,,,25
847,2004-04-27,2.7,0.39,25
848,2004-04-28,,,25
849,2004-04-29,,,25
850,2004-04-30,,,25
851,2004-05-01,,,25
852,2004-05-02,,,25
853,2004-05-03,1.7,0.77,25
854,2004-05-04,,,25
855,2004-05-05,,,25
856,2004-05-06,,,25
857,2004-05-07,,,25
858,2004-05-08,,,25
859,2004-05-09,2.6,0.81,25
860,2004-05-10,,,25
861,2004-05-11,,,25
862,2004-05-12,,,25
863,2004-05-13,,,25
864,2004-05-14,,,25
865,2004-05-15,2.2,1.1,25
866,2004-05-16,,,25
867,2004-05-17,,,25
868,2004-05-18,1.4,0.85,25
869,2004-05-19,,,25
870,2004-05-20,,,25
871,2004-05-21,,,25
872,2004-05-22,,,25
873,2004-05-23,,,25
874,2004-05-24,,,25
875,2004-05-25,,,25
876,2004-05-26,,,25
877,2004-05-27,2.4,1.7,25
878,2004-05-28,,,25
879,2004-05-29,,,25
880,2004-05-30,,,25
881,2004-05-31,,,25
882,2004-06-01,,,25
883,2004-06-02,3.0,1.4,25
884,2004-06-03,,,25
885,2004-06-04,,,25
886,2004-06-05,,,25
887,2004-06-06,,,25
888,2004-06-07,,,25
889,2004-06-08,2.1,1.6,25
890,2004-06-09,,,25
891,2004-06-10,,,25
892,2004-06-11,,,25
893,2004-06-12,,,25
894,2004-06-13,,,25
895,2004-06-14,2.4,1.4,25
896,2004-06-15,,,25
897,2004-06-16,,,25
898,2004-06-17,,,25
899,2004-06-18,,,25
900,2004-06-19,,,25
901,2004-06-20,1.6,0.58,25
902,2004-06-21,,,25
903,2004-06-22,,,25
904,2004-06-23,,,25
905,2004-06-24,,,25
906,2004-06-25,,,25
907,2004-06-26,2.4,0.79,25
908,2004-06-27,,,25
909,2004-06-28,,,25
910,2004-06-29,1.5,1.0,25
911,2004-06-30,,,25
912,2004-07-01,,,25
913,2004-07-02,,,25
914,2004-07-03,,,25
915,2004-07-04,,,25
916,2004-07-05,,,25
917,2004-07-06,,,25
918,2004-07-07,,,25
919,2004-07-08,1.8,1.1,25
920,2004-07-09,,,25
921,2004-07-10,,,25
922,2004-07-11,,,25
923,2004-07-12,,,25
924,2004-07-13,,,25
925,2004-07-14,2.7,0.79,25
926,2004-07-15,,,25
927,2004-07-16,,,25
928,2004-07-17,,,25
929,2004-07-18,,,25
930,2004-07-19,,,25
931,2004-07-20,1.7,0.58,25
932,2004-07-21,,,25
933,2004-07-22,,,25
934,2004-07-23,,,25
935,2004-07-24,,,25
936,2004-07-25,,,25
937,2004-07-26,2.7,0.67,25
938,2004-07-27,,,25
939,2004-07-28,,,25
940,2004-07-29,,,25
941,2004-07-30,,,25
942,2004-07-31,,,25
943,2004-08-01,2.2,0.72,25
944,2004-08-02,,,25
945,2004-08-03,,,25
946,2004-08-04,,,25
947,2004-08-05,,,25
948,2004-08-06,,,25
949,2004-08-07,2.2,0.62,25
950,2004-08-08,,,25
951,2004-08-09,,,25
952,2004-08-10,3.4,1.0,25
953,2004-08-11,,,25
954,2004-08-12,,,25
955,2004-08-13,,,25
956,2004-08-14,,,25
957,2004-08-15,,,25
958,2004-08-16,,,25
959,2004-08-17,,,25
960,2004-08-18,,,25
961,2004-08-19,,,25
962,2004-08-20,,,25
963,2004-08-21,,,25
964,2004-08-22,1.6,0.2,25
965,2004-08-23,,,25
966,2004-08-24,,,25
967,2004-08-25,1.3,0.41,25
968,2004-08-26,,,25
969,2004-08-27,,,25
970,2004-08-28,,,25
971,2004-08-29,,,25
972,2004-08-30,,,25
973,2004-08-31,2.3,0.75,25
974,2004-09-01,,,25
975,2004-09-02,,,25
976,2004-09-03,,,25
977,2004-09-04,,,25
978,2004-09-05,,,25
979,2004-09-06,,,25
980,2004-09-07,,,25
981,2004-09-08,1.9,0.63,25
982,2004-09-09,,,25
983,2004-09-10,,,25
984,2004-09-11,,,25
985,2004-09-12,1.4,0.27,25
986,2004-09-13,,,25
987,2004-09-14,,,25
988,2004-09-15,,,25
989,2004-09-16,,,25
990,2004-09-17,,,25
991,2004-09-18,2.6,1.0,25
992,2004-09-19,,,25
993,2004-09-20,,,25
994,2004-09-21,0.51,0.38,25
995,2004-09-22,,,25
996,2004-09-23,,,25
997,2004-09-24,,,25
998,2004-09-25,,,25
999,2004-09-26,,,25
1000,2004-09-27,,,25
1001,2004-09-28,,,25
1002,2004-09-29,,,25
1003,2004-09-30,3.2,1.4,25
1004,2004-10-01,,,25
1005,2004-10-02,,,25
1006,2004-10-03,,,25
1007,2004-10-04,,,25
1008,2004-10-05,,,25
1009,2004-10-06,1.7,0.36,25
1010,2004-10-07,,,25
1011,2004-10-08,,,25
1012,2004-10-09,,,25
1013,2004-10-10,,,25
1014,2004-10-11,,,25
1015,2004-10-12,,,25
1016,2004-10-13,,,25
1017,2004-10-14,,,25
1018,2004-10-15,,,25
1019,2004-10-16,,,25
1020,2004-10-17,,,25
1021,2004-10-18,1.2,0.53,25
1022,2004-10-19,,,25
1023,2004-10-20,,,25
1024,2004-10-21,,,25
1025,2004-10-22,,,25
1026,2004-10-23,,,25
1027,2004-10-24,4.0,15.0,25
1028,2004-10-25,,,25
1029,2004-10-26,,,25
1030,2004-10-27,,,25
1031,2004-10-28,,,25
1032,2004-10-29,,,25
1033,2004-10-30,1.2,3.7,25
1034,2004-10-31,,,25
1035,2004-11-01,,,25
1036,2004-11-02,0.57,1.2,25
1037,2004-11-03,,,25
1038,2004-11-04,,,25
1039,2004-11-05,,,25
1040,2004-11-06,,,25
1041,2004-11-07,,,25
1042,2004-11-08,,,25
1043,2004-11-09,,,25
1044,2004-11-10,,,25
1045,2004-11-11,1.9,8.2,25
1046,2004-11-12,,,25
1047,2004-11-13,,,25
1048,2004-11-14,,,25
1049,2004-11-15,,,25
1050,2004-11-16,,,25
1051,2004-11-17,1.3,1.8,25
1052,2004-11-18,,,25
1053,2004-11-19,,,25
1054,2004-11-20,,,25
1055,2004-11-21,,,25
1056,2004-11-22,,,25
1057,2004-11-23,1.5,6.3,25
1058,2004-11-24,,,25
1059,2004-11-25,,,25
1060,2004-11-26,,,25
1061,2004-11-27,,,25
1062,2004-11-28,,,25
1063,2004-11-29,0.48,0.44,25
1064,2004-11-30,,,25
1065,2004-12-01,,,25
1066,2004-12-02,,,25
1067,2004-12-03,,,25
1068,2004-12-04,,,25
1069,2004-12-05,1.2,2.8,25
1070,2004-12-06,,,25
1071,2004-12-07,,,25
1072,2004-12-08,,,25
1073,2004-12-09,,,25
1074,2004-12-10,,,25
1075,2004-12-11,0.61,3.3,25
1076,2004-12-12,,,25
1077,2004-12-13,,,25
1078,2004-12-14,1.0,5.1,25
1079,2004-12-15,,,25
1080,2004-12-16,,,25
1081,2004-12-17,,,25
1082,2004-12-18,,,25
1083,2004-12-19,,,25
1084,2004-12-20,,,25
1085,2004-12-21,,,25
1086,2004-12-22,,,25
1087,2004-12-23,0.47,0.51,25
1088,2004-12-24,,,25
1089,2004-12-25,,,25
1090,2004-12-26,,,25
1091,2004-12-27,,,25
1092,2004-12-28,,,25
1093,2004-12-29,,,25
1094,2004-12-30,1.2,3.0,25
1095,2004-12-31,,,25
1096,2005-01-01,,,25
1097,2005-01-02,,,25
1098,2005-01-03,,,25
1099,2005-01-04,0.75,1.8,25
1100,2005-01-05,,,25
1101,2005-01-06,,,25
1102,2005-01-07,,,25
1103,2005-01-08,,,25
1104,2005-01-09,,,25
1105,2005-01-10,2.1,5.2,25
1106,2005-01-11,,,25
1107,2005-01-12,,,25
1108,2005-01-13,,,25
1109,2005-01-14,,,25
1110,2005-01-15,,,25
1111,2005-01-16,0.4,2.6,25
1112,2005-01-17,,,25
1113,2005-01-18,,,25
1114,2005-01-19,,,25
1115,2005-01-20,,,25
1116,2005-01-21,,,25
1117,2005-01-22,6.5,5.7,25
1118,2005-01-23,,,25
1119,2005-01-24,,,25
1120,2005-01-25,3.2,9.5,25
1121,2005-01-26,,,25
1122,2005-01-27,,,25
1123,2005-01-28,,,25
1124,2005-01-29,,,25
1125,2005-01-30,,,25
1126,2005-01-31,,,25
1127,2005-02-01,,,25
1128,2005-02-02,,,25
1129,2005-02-03,1.0,0.77,25
1130,2005-02-04,,,25
1131,2005-02-05,,,25
1132,2005-02-06,,,25
1133,2005-02-07,,,25
1134,2005-02-08,,,25
1135,2005-02-09,0.93,2.4,25
1136,2005-02-10,,,25
1137,2005-02-11,,,25
1138,2005-02-12,,,25
1139,2005-02-13,,,25
1140,2005-02-14,,,25
1141,2005-02-15,2.0,10.0,25
1142,2005-02-16,,,25
1143,2005-02-17,,,25
1144,2005-02-18,,,25
1145,2005-02-19,,,25
1146,2005-02-20,,,25
1147,2005-02-21,1.4,0.64,25
1148,2005-02-22,,,25
1149,2005-02-23,,,25
1150,2005-02-24,,,25
1151,2005-02-25,,,25
1152,2005-02-26,,,25
1153,2005-02-27,2.2,4.1,25
1154,2005-02-28,,,25
1155,2005-03-01,,,25
1156,2005-03-02,,,25
1157,2005-03-03,,,25
1158,2005-03-04,,,25
1159,2005-03-05,0.89,1.5,25
1160,2005-03-06,,,25
1161,2005-03-07,,,25
1162,2005-03-08,1.1,2.6,25
1163,2005-03-09,,,25
1164,2005-03-10,,,25
1165,2005-03-11,,,25
1166,2005-03-12,,,25
1167,2005-03-13,,,25
1168,2005-03-14,,,25
1169,2005-03-15,,,25
1170,2005-03-16,,,25
1171,2005-03-17,1.6,3.1,25
1172,2005-03-18,,,25
1173,2005-03-19,,,25
1174,2005-03-20,,,25
1175,2005-03-21,,,25
1176,2005-03-22,,,25
1177,2005-03-23,0.53,0.38,25
1178,2005-03-24,,,25
1179,2005-03-25,,,25
1180,2005-03-26,,,25
1181,2005-03-27,,,25
1182,2005-03-28,,,25
1183,2005-03-29,1.1,0.85,25
1184,2005-03-30,,,25
1185,2005-03-31,,,25
1186,2005-04-01,,,25
1187,2005-04-02,,,25
1188,2005-04-03,,,25
1189,2005-04-04,1.8,0.79,25
1190,2005-04-05,,,25
1191,2005-04-06,,,25
1192,2005-04-07,,,25
1193,2005-04-08,,,25
1194,2005-04-09,,,25
1195,2005-04-10,0.56,0.49,25
1196,2005-04-11,,,25
1197,2005-04-12,,,25
1198,2005-04-13,,,25
1199,2005-04-14,,,25
1200,2005-04-15,,,25
1201,2005-04-16,2.6,1.4,25
1202,2005-04-17,,,25
1203,2005-04-18,,,25
1204,2005-04-19,1.4,0.64,25
1205,2005-04-20,,,25
1206,2005-04-21,,,25
1207,2005-04-22,,,25
1208,2005-04-23,,,25
1209,2005-04-24,,,25
1210,2005-04-25,,,25
1211,2005-04-26,,,25
1212,2005-04-27,,,25
1213,2005-04-28,1.1,0.71,25
1214,2005-04-29,,,25
1215,2005-04-30,,,25
1216,2005-05-01,,,25
1217,2005-05-02,,,25
1218,2005-05-03,,,25
1219,2005-05-04,3.1,0.8,25
1220,2005-05-05,,,25
1221,2005-05-06,,,25
1222,2005-05-07,,,25
1223,2005-05-08,,,25
1224,2005-05-09,,,25
1225,2005-05-10,,,25
1226,2005-05-11,1.2,1.5,25
1227,2005-05-12,,,25
1228,2005-05-13,,,25
1229,2005-05-14,,,25
1230,2005-05-15,,,25
1231,2005-05-16,2.4,0.63,25
1232,2005-05-17,,,25
1233,2005-05-18,,,25
1234,2005-05-19,,,25
1235,2005-05-20,,,25
1236,2005-05-21,,,25
1237,2005-05-22,2.1,0.66,25
1238,2005-05-23,,,25
1239,2005-05-24,,,25
1240,2005-05-25,,,25
1241,2005-05-26,,,25
1242,2005-05-27,,,25
1243,2005-05-28,3.1,1.2,25
1244,2005-05-29,,,25
1245,2005-05-30,,,25
1246,2005-05-31,,,25
1247,2005-06-01,,,25
1248,2005-06-02,,,25
1249,2005-06-03,,,25
1250,2005-06-04,,,25
1251,2005-06-05,2.3,1.1,25
1252,2005-06-06,,,25
1253,2005-06-07,,,25
1254,2005-06-08,,,25
1255,2005-06-09,1.5,0.61,25
1256,2005-06-10,,,25
1257,2005-06-11,,,25
1258,2005-06-12,,,25
1259,2005-06-13,,,25
1260,2005-06-14,,,25
1261,2005-06-15,2.0,1.2,25
1262,2005-06-16,,,25
1263,2005-06-17,,,25
1264,2005-06-18,,,25
1265,2005-06-19,,,25
1266,2005-06-20,,,25
1267,2005-06-21,3.2,0.93,25
1268,2005-06-22,,,25
1269,2005-06-23,,,25
1270,2005-06-24,,,25
1271,2005-06-25,,,25
1272,2005-06-26,,,25
1273,2005-06-27,1.9,0.48,25
1274,2005-06-28,,,25
1275,2005-06-29,,,25
1276,2005-06-30,,,25
1277,2005-07-01,,,25
1278,2005-07-02,,,25
1279,2005-07-03,2.3,0.65,25
1280,2005-07-04,,,25
1281,2005-07-05,,,25
1282,2005-07-06,,,25
1283,2005-07-07,,,25
1284,2005-07-08,,,25
1285,2005-07-09,1.8,0.71,25
1286,2005-07-10,,,25
1287,2005-07-11,,,25
1288,2005-07-12,2.3,1.0,25
1289,2005-07-13,,,25
1290,2005-07-14,,,25
1291,2005-07-15,,,25
1292,2005-07-16,,,25
1293,2005-07-17,,,25
1294,2005-07-18,,,25
1295,2005-07-19,,,25
1296,2005-07-20,,,25
1297,2005-07-21,4.0,0.76,25
1298,2005-07-22,,,25
1299,2005-07-23,,,25
1300,2005-07-24,,,25
1301,2005-07-25,,,25
1302,2005-07-26,,,25
1303,2005-07-27,4.3,0.74,25
1304,2005-07-28,,,25
1305,2005-07-29,,,25
1306,2005-07-30,,,25
1307,2005-07-31,,,25
1308,2005-08-01,,,25
1309,2005-08-02,3.4,0.53,25
1310,2005-08-03,,,25
1311,2005-08-04,,,25
1312,2005-08-05,,,25
1313,2005-08-06,,,25
1314,2005-08-07,,,25
1315,2005-08-08,3.3,3.2,25
1316,2005-08-09,,,25
1317,2005-08-10,,,25
1318,2005-08-11,,,25
1319,2005-08-12,,,25
1320,2005-08-13,,,25
1321,2005-08-14,3.5,0.9,25
1322,2005-08-15,,,25
1323,2005-08-16,,,25
1324,2005-08-17,,,25
1325,2005-08-18,,,25
1326,2005-08-19,,,25
1327,2005-08-20,3.6,0.47,25
1328,2005-08-21,,,25
1329,2005-08-22,,,25
1330,2005-08-23,,,25
1331,2005-08-24,2.4,0.7,25
1332,2005-08-25,,,25
1333,2005-08-26,,,25
1334,2005-08-27,,,25
1335,2005-08-28,,,25
1336,2005-08-29,,,25
1337,2005-08-30,,,25
1338,2005-08-31,,,25
1339,2005-09-01,2.4,1.4,25
1340,2005-09-02,,,25
1341,2005-09-03,,,25
1342,2005-09-04,,,25
1343,2005-09-05,,,25
1344,2005-09-06,,,25
1345,2005-09-07,4.2,0.56,25
1346,2005-09-08,,,25
1347,2005-09-09,,,25
1348,2005-09-10,,,25
1349,2005-09-11,,,25
1350,2005-09-12,,,25
1351,2005-09-13,1.3,0.77,25
1352,2005-09-14,,,25
1353,2005-09-15,,,25
1354,2005-09-16,,,25
1355,2005-09-17,,,25
1356,2005-09-18,,,25
1357,2005-09-19,3.9,1.1,25
1358,2005-09-20,,,25
1359,2005-09-21,,,25
1360,2005-09-22,,,25
1361,2005-09-23,,,25
1362,2005-09-24,,,25
1363,2005-09-25,1.0,0.41,25
1364,2005-09-26,,,25
1365,2005-09-27,,,25
1366,2005-09-28,,,25
1367,2005-09-29,,,25
1368,2005-09-30,,,25
1369,2005-10-01,2.9,0.85,25
1370,2005-10-02,,,25
1371,2005-10-03,,,25
1372,2005-10-04,,,25
1373,2005-10-05,,,25
1374,2005-10-06,,,25
1375,2005-10-07,,,25
1376,2005-10-08,,,25
1377,2005-10-09,1.2,0.78,25
1378,2005-10-10,,,25
1379,2005-10-11,,,25
1380,2005-10-12,,,25
1381,2005-10-13,0.93,0.45,25
1382,2005-10-14,,,25
1383,2005-10-15,,,25
1384,2005-10-16,,,25
1385,2005-10-17,,,25
1386,2005-10-18,,,25
1387,2005-10-19,1.4,5.4,25
1388,2005-10-20,,,25
1389,2005-10-21,,,25
1390,2005-10-22,,,25
1391,2005-10-23,,,25
1392,2005-10-24,,,25
1393,2005-10-25,2.1,1.6,25
1394,2005-10-26,,,25
1395,2005-10-27,,,25
1396,2005-10-28,,,25
1397,2005-10-29,,,25
1398,2005-10-30,,,25
1399,2005-10-31,1.8,1.0,25
1400,2005-11-01,,,25
1401,2005-11-02,,,25
1402,2005-11-03,,,25
1403,2005-11-04,,,25
1404,2005-11-05,,,25
1405,2005-11-06,2.7,5.3,25
1406,2005-11-07,,,25
1407,2005-11-08,,,25
1408,2005-11-09,,,25
1409,2005-11-10,,,25
1410,2005-11-11,,,25
1411,2005-11-12,1.6,3.8,25
1412,2005-11-13,,,25
1413,2005-11-14,,,25
1414,2005-11-15,0.63,0.57,25
1415,2005-11-16,,,25
1416,2005-11-17,,,25
1417,2005-11-18,,,25
1418,2005-11-19,,,25
1419,2005-11-20,,,25
1420,2005-11-21,,,25
1421,2005-11-22,0.63,1.7,25
1422,2005-11-23,,,25
1423,2005-11-24,,,25
1424,2005-11-25,,,25
1425,2005-11-26,,,25
1426,2005-11-27,,,25
1427,2005-11-28,,,25
1428,2005-11-29,,,25
1429,2005-11-30,1.5,8.7,25
1430,2005-12-01,,,25
1431,2005-12-02,,,25
1432,2005-12-03,,,25
1433,2005-12-04,,,25
1434,2005-12-05,,,25
1435,2005-12-06,0.48,0.68,25
1436,2005-12-07,,,25
1437,2005-12-08,,,25
1438,2005-12-09,,,25
1439,2005-12-10,,,25
1440,2005-12-11,,,25
1441,2005-12-12,1.7,8.8,25
1442,2005-12-13,,,25
1443,2005-12-14,,,25
1444,2005-12-15,,,25
1445,2005-12-16,,,25
1446,2005-12-17,,,25
1447,2005-12-18,2.5,13.0,25
1448,2005-12-19,,,25
1449,2005-12-20,,,25
1450,2005-12-21,1.1,4.6,25
1451,2005-12-22,,,25
1452,2005-12-23,,,25
1453,2005-12-24,,,25
1454,2005-12-25,,,25
1455,2005-12-26,,,25
1456,2005-12-27,1.1,3.9,25
1457,2005-12-28,,,25
1458,2005-12-29,,,25
1459,2005-12-30,,,25
1460,2005-12-31,,,25
1461,2006-01-01,,,25
1462,2006-01-02,,,25
1463,2006-01-03,,,25
1464,2006-01-04,,,25
1465,2006-01-05,0.3,0.82,25
1466,2006-01-06,,,25
1467,2006-01-07,,,25
1468,2006-01-08,,,25
1469,2006-01-09,,,25
1470,2006-01-10,,,25
1471,2006-01-11,0.42,2.2,25
1472,2006-01-12,,,25
1473,2006-01-13,,,25
1474,2006-01-14,,,25
1475,2006-01-15,,,25
1476,2006-01-16,,,25
1477,2006-01-17,0.72,3.6,25
1478,2006-01-18,,,25
1479,2006-01-19,,,25
1480,2006-01-20,,,25
1481,2006-01-21,,,25
1482,2006-01-22,,,25
1483,2006-01-23,0.49,0.49,25
1484,2006-01-24,,,25
1485,2006-01-25,,,25
1486,2006-01-26,,,25
1487,2006-01-27,,,25
1488,2006-01-28,,,25
1489,2006-01-29,2.0,11.0,25
1490,2006-01-30,,,25
1491,2006-01-31,,,25
1492,2006-02-01,,,25
1493,2006-02-02,,,25
1494,2006-02-03,,,25
1495,2006-02-04,1.1,6.0,25
1496,2006-02-05,,,25
1497,2006-02-06,,,25
1498,2006-02-07,,,25
1499,2006-02-08,0.4,0.88,25
1500,2006-02-09,,,25
1501,2006-02-10,,,25
1502,2006-02-11,,,25
1503,2006-02-12,,,25
1504,2006-02-13,,,25
1505,2006-02-14,,,25
1506,2006-02-15,,,25
1507,2006-02-16,0.62,1.3,25
1508,2006-02-17,,,25
1509,2006-02-18,,,25
1510,2006-02-19,,,25
1511,2006-02-20,,,25
1512,2006-02-21,,,25
1513,2006-02-22,0.61,1.0,25
1514,2006-02-23,,,25
1515,2006-02-24,,,25
1516,2006-02-25,,,25
1517,2006-02-26,,,25
1518,2006-02-27,,,25
1519,2006-02-28,0.6,0.72,25
1520,2006-03-01,,,25
1521,2006-03-02,,,25
1522,2006-03-03,,,25
1523,2006-03-04,,,25
1524,2006-03-05,,,25
1525,2006-03-06,1.6,6.2,25
1526,2006-03-07,,,25
1527,2006-03-08,,,25
1528,2006-03-09,,,25
1529,2006-03-10,,,25
1530,2006-03-11,,,25
1531,2006-03-12,0.43,0.28,25
1532,2006-03-13,,,25
1533,2006-03-14,,,25
1534,2006-03-15,,,25
1535,2006-03-16,,,25
1536,2006-03-17,,,25
1537,2006-03-18,0.62,0.34,25
1538,2006-03-19,,,25
1539,2006-03-20,,,25
1540,2006-03-21,,,25
1541,2006-03-22,0.58,1.8,25
1542,2006-03-23,,,25
1543,2006-03-24,,,25
1544,2006-03-25,,,25
1545,2006-03-26,,,25
1546,2006-03-27,,,25
1547,2006-03-28,0.92,1.1,25
1548,2006-03-29,,,25
1549,2006-03-30,,,25
1550,2006-03-31,,,25
1551,2006-04-01,,,25
1552,2006-04-02,,,25
1553,2006-04-03,,,25
1554,2006-04-04,,,25
1555,2006-04-05,0.48,0.32,25
1556,2006-04-06,,,25
1557,2006-04-07,,,25
1558,2006-04-08,,,25
1559,2006-04-09,,,25
1560,2006-04-10,,,25
1561,2006-04-11,0.77,0.6,25
1562,2006-04-12,,,25
1563,2006-04-13,,,25
1564,2006-04-14,,,25
1565,2006-04-15,,,25
1566,2006-04-16,,,25
1567,2006-04-17,0.84,0.55,25
1568,2006-04-18,,,25
1569,2006-04-19,,,25
1570,2006-04-20,,,25
1571,2006-04-21,,,25
1572,2006-04-22,,,25
1573,2006-04-23,0.64,0.32,25
1574,2006-04-24,,,25
1575,2006-04-25,,,25
1576,2006-04-26,,,25
1577,2006-04-27,,,25
1578,2006-04-28,,,25
1579,2006-04-29,2.5,2.2,25
1580,2006-04-30,,,25
1581,2006-05-01,,,25
1582,2006-05-02,1.4,0.48,25
1583,2006-05-03,,,25
1584,2006-05-04,,,25
1585,2006-05-05,,,25
1586,2006-05-06,,,25
1587,2006-05-07,,,25
1588,2006-05-08,,,25
1589,2006-05-09,,,25
1590,2006-05-10,,,25
1591,2006-05-11,2.9,0.9,25
1592,2006-05-12,,,25
1593,2006-05-13,,,25
1594,2006-05-14,,,25
1595,2006-05-15,,,25
1596,2006-05-16,,,25
1597,2006-05-17,2.4,0.69,25
1598,2006-05-18,,,25
1599,2006-05-19,,,25
1600,2006-05-20,,,25
1601,2006-05-21,,,25
1602,2006-05-22,,,25
1603,2006-05-23,0.87,0.6,25
1604,2006-05-24,,,25
1605,2006-05-25,,,25
1606,2006-05-26,,,25
1607,2006-05-27,,,25
1608,2006-05-28,,,25
1609,2006-05-29,1.4,1.0,25
1610,2006-05-30,,,25
1611,2006-05-31,,,25
1612,2006-06-01,,,25
1613,2006-06-02,,,25
1614,2006-06-03,,,25
1615,2006-06-04,2.8,0.78,25
1616,2006-06-05,,,25
1617,2006-06-06,,,25
1618,2006-06-07,,,25
1619,2006-06-08,,,25
1620,2006-06-09,,,25
1621,2006-06-10,1.8,1.2,25
1622,2006-06-11,,,25
1623,2006-06-12,,,25
1624,2006-06-13,1.4,1.1,25
1625,2006-06-14,,,25
1626,2006-06-15,,,25
1627,2006-06-16,,,25
1628,2006-06-17,,,25
1629,2006-06-18,,,25
1630,2006-06-19,,,25
1631,2006-06-20,,,25
1632,2006-06-21,,,25
1633,2006-06-22,,,25
1634,2006-06-23,,,25
1635,2006-06-24,,,25
1636,2006-06-25,2.4,1.1,25
1637,2006-06-26,,,25
1638,2006-06-27,,,25
1639,2006-06-28,2.2,0.74,25
1640,2006-06-29,,,25
1641,2006-06-30,,,25
1642,2006-07-01,,,25
1643,2006-07-02,,,25
1644,2006-07-03,,,25
1645,2006-07-04,3.3,1.5,25
1646,2006-07-05,,,25
1647,2006-07-06,,,25
1648,2006-07-07,,,25
1649,2006-07-08,,,25
1650,2006-07-09,,,25
1651,2006-07-10,2.4,1.0,25
1652,2006-07-11,,,25
1653,2006-07-12,,,25
1654,2006-07-13,,,25
1655,2006-07-14,,,25
1656,2006-07-15,,,25
1657,2006-07-16,1.7,1.0,25
1658,2006-07-17,,,25
1659,2006-07-18,,,25
1660,2006-07-19,,,25
1661,2006-07-20,,,25
1662,2006-07-21,,,25
1663,2006-07-22,2.1,0.51,25
1664,2006-07-23,,,25
1665,2006-07-24,,,25
1666,2006-07-25,2.7,1.1,25
1667,2006-07-26,,,25
1668,2006-07-27,,,25
1669,2006-07-28,,,25
1670,2006-07-29,,,25
1671,2006-07-30,,,25
1672,2006-07-31,,,25
1673,2006-08-01,,,25
1674,2006-08-02,,,25
1675,2006-08-03,1.2,0.53,25
1676,2006-08-04,,,25
1677,2006-08-05,,,25
1678,2006-08-06,,,25
1679,2006-08-07,,,25
1680,2006-08-08,,,25
1681,2006-08-09,2.1,0.62,25
1682,2006-08-10,,,25
1683,2006-08-11,,,25
1684,2006-08-12,,,25
1685,2006-08-13,,,25
1686,2006-08-14,,,25
1687,2006-08-15,2.1,0.66,25
1688,2006-08-16,,,25
1689,2006-08-17,,,25
1690,2006-08-18,,,25
1691,2006-08-19,,,25
1692,2006-08-20,,,25
1693,2006-08-21,2.7,0.68,25
1694,2006-08-22,,,25
1695,2006-08-23,,,25
1696,2006-08-24,,,25
1697,2006-08-25,,,25
1698,2006-08-26,,,25
1699,2006-08-27,1.3,0.33,25
1700,2006-08-28,,,25
1701,2006-08-29,,,25
1702,2006-08-30,2.2,0.53,25
1703,2006-08-31,,,25
1704,2006-09-01,,,25
1705,2006-09-02,,,25
1706,2006-09-03,,,25
1707,2006-09-04,,,25
1708,2006-09-05,1.5,0.28,25
1709,2006-09-06,,,25
1710,2006-09-07,,,25
1711,2006-09-08,,,25
1712,2006-09-09,,,25
1713,2006-09-10,,,25
1714,2006-09-11,,,25
1715,2006-09-12,,,25
1716,2006-09-13,,,25
1717,2006-09-14,1.7,0.37,25
1718,2006-09-15,,,25
1719,2006-09-16,,,25
1720,2006-09-17,,,25
1721,2006-09-18,,,25
1722,2006-09-19,,,25
1723,2006-09-20,1.1,0.41,25
1724,2006-09-21,,,25
1725,2006-09-22,,,25
1726,2006-09-23,,,25
1727,2006-09-24,,,25
1728,2006-09-25,,,25
1729,2006-09-26,1.6,0.58,25
1730,2006-09-27,,,25
1731,2006-09-28,,,25
1732,2006-09-29,,,25
1733,2006-09-30,,,25
1734,2006-10-01,,,25
1735,2006-10-02,1.5,0.32,25
1736,2006-10-03,,,25
1737,2006-10-04,,,25
1738,2006-10-05,,,25
1739,2006-10-06,,,25
1740,2006-10-07,,,25
1741,2006-10-08,1.3,1.2,25
1742,2006-10-09,,,25
1743,2006-10-10,,,25
1744,2006-10-11,,,25
1745,2006-10-12,,,25
1746,2006-10-13,,,25
1747,2006-10-14,,,25
1748,2006-10-15,,,25
1749,2006-10-16,,,25
1750,2006-10-17,1.7,0.63,25
1751,2006-10-18,,,25
1752,2006-10-19,,,25
1753,2006-10-20,,,25
1754,2006-10-21,,,25
1755,2006-10-22,,,25
1756,2006-10-23,,,25
1757,2006-10-24,,,25
1758,2006-10-25,,,25
1759,2006-10-26,0.63,0.43,25
1760,2006-10-27,,,25
1761,2006-10-28,,,25
1762,2006-10-29,,,25
1763,2006-10-30,,,25
1764,2006-10-31,,,25
1765,2006-11-01,3.3,7.5,25
1766,2006-11-02,,,25
1767,2006-11-03,,,25
1768,2006-11-04,,,25
1769,2006-11-05,,,25
1770,2006-11-06,,,25
1771,2006-11-07,0.48,0.31,25
1772,2006-11-08,,,25
1773,2006-11-09,,,25
1774,2006-11-10,,,25
1775,2006-11-11,,,25
1776,2006-11-12,,,25
1777,2006-11-13,0.84,1.0,25
1778,2006-11-14,,,25
1779,2006-11-15,,,25
1780,2006-11-16,,,25
1781,2006-11-17,,,25
1782,2006-11-18,,,25
1783,2006-11-19,0.68,1.3,25
1784,2006-11-20,,,25
1785,2006-11-21,,,25
1786,2006-11-22,,,25
1787,2006-11-23,,,25
1788,2006-11-24,,,25
1789,2006-11-25,1.8,2.2,25
1790,2006-11-26,,,25
1791,2006-11-27,,,25
1792,2006-11-28,0.53,0.3,25
1793,2006-11-29,,,25
1794,2006-11-30,,,25
1795,2006-12-01,,,25
1796,2006-12-02,,,25
1797,2006-12-03,,,25
1798,2006-12-04,,,25
1799,2006-12-05,,,25
1800,2006-12-06,,,25
1801,2006-12-07,0.42,1.4,25
1802,2006-12-08,,,25
1803,2006-12-09,,,25
1804,2006-12-10,,,25
1805,2006-12-11,,,25
1806,2006-12-12,,,25
1807,2006-12-13,0.56,2.8,25
1808,2006-12-14,,,25
1809,2006-12-15,,,25
1810,2006-12-16,,,25
1811,2006-12-17,,,25
1812,2006-12-18,,,25
1813,2006-12-19,0.51,1.0,25
1814,2006-12-20,,,25
1815,2006-12-21,,,25
1816,2006-12-22,,,25
1817,2006-12-23,,,25
1818,2006-12-24,,,25
1819,2006-12-25,1.8,3.4,25
1820,2006-12-26,,,25
1821,2006-12-27,,,25
1822,2006-12-28,,,25
1823,2006-12-29,,,25
1824,2006-12-30,,,25
1825,2006-12-31,1.6,8.8,25
1826,2007-01-01,,,25
1827,2007-01-02,,,25
1828,2007-01-03,,,25
1829,2007-01-04,,,25
1830,2007-01-05,,,25
1831,2007-01-06,,,25
1832,2007-01-07,,,25
1833,2007-01-08,,,25
1834,2007-01-09,,,25
1835,2007-01-10,,,25
1836,2007-01-11,,,25
1837,2007-01-12,,,25
1838,2007-01-13,,,25
1839,2007-01-14,,,25
1840,2007-01-15,,,25
1841,2007-01-16,,,25
1842,2007-01-17,,,25
1843,2007-01-18,,,25
1844,2007-01-19,,,25
1845,2007-01-20,,,25
1846,2007-01-21,,,25
1847,2007-01-22,,,25
1848,2007-01-23,,,25
1849,2007-01-24,,,25
1850,2007-01-25,,,25
1851,2007-01-26,,,25
1852,2007-01-27,,,25
1853,2007-01-28,,,25
1854,2007-01-29,,,25
1855,2007-01-30,,,25
1856,2007-01-31,,,25
1857,2007-02-01,,,25
1858,2007-02-02,,,25
1859,2007-02-03,,,25
1860,2007-02-04,,,25
1861,2007-02-05,,,25
1862,2007-02-06,,,25
1863,2007-02-07,,,25
1864,2007-02-08,,,25
1865,2007-02-09,,,25
1866,2007-02-10,,,25
1867,2007-02-11,,,25
1868,2007-02-12,,,25
1869,2007-02-13,,,25
1870,2007-02-14,,,25
1871,2007-02-15,,,25
1872,2007-02-16,,,25
1873,2007-02-17,,,25
1874,2007-02-18,,,25
1875,2007-02-19,,,25
1876,2007-02-20,0.55,2.0,25
1877,2007-02-21,,,25
1878,2007-02-22,,,25
1879,2007-02-23,,,25
1880,2007-02-24,,,25
1881,2007-02-25,,,25
1882,2007-02-26,,,25
1883,2007-02-27,,,25
1884,2007-02-28,,,25
1885,2007-03-01,0.47,3.1,25
1886,2007-03-02,,,25
1887,2007-03-03,,,25
1888,2007-03-04,,,25
1889,2007-03-05,,,25
1890,2007-03-06,,,25
1891,2007-03-07,2.0,7.0,25
1892,2007-03-08,,,25
1893,2007-03-09,,,25
1894,2007-03-10,,,25
1895,2007-03-11,,,25
1896,2007-03-12,,,25
1897,2007-03-13,1.7,2.3,25
1898,2007-03-14,,,25
1899,2007-03-15,,,25
1900,2007-03-16,,,25
1901,2007-03-17,,,25
1902,2007-03-18,,,25
1903,2007-03-19,2.2,1.8,25
1904,2007-03-20,,,25
1905,2007-03-21,,,25
1906,2007-03-22,,,25
1907,2007-03-23,,,25
1908,2007-03-24,,,25
1909,2007-03-25,1.5,1.5,25
1910,2007-03-26,,,25
1911,2007-03-27,,,25
1912,2007-03-28,,,25
1913,2007-03-29,,,25
1914,2007-03-30,,,25
1915,2007-03-31,1.3,3.4,25
1916,2007-04-01,,,25
1917,2007-04-02,,,25
1918,2007-04-03,,,25
1919,2007-04-04,2.3,3.9,25
1920,2007-04-05,,,25
1921,2007-04-06,,,25
1922,2007-04-07,,,25
1923,2007-04-08,,,25
1924,2007-04-09,,,25
1925,2007-04-10,,,25
1926,2007-04-11,,,25
1927,2007-04-12,,,25
1928,2007-04-13,,,25
1929,2007-04-14,,,25
1930,2007-04-15,,,25
1931,2007-04-16,,,25
1932,2007-04-17,,,25
1933,2007-04-18,1.5,1.7,25
1934,2007-04-19,,,25
1935,2007-04-20,,,25
1936,2007-04-21,,,25
1937,2007-04-22,,,25
1938,2007-04-23,,,25
1939,2007-04-24,0.92,1.3,25
1940,2007-04-25,,,25
1941,2007-04-26,,,25
1942,2007-04-27,,,25
1943,2007-04-28,,,25
1944,2007-04-29,,,25
1945,2007-04-30,3.4,1.9,25
1946,2007-05-01,,,25
1947,2007-05-02,,,25
1948,2007-05-03,,,25
1949,2007-05-04,,,25
1950,2007-05-05,,,25
1951,2007-05-06,0.69,0.19,25
1952,2007-05-07,,,25
1953,2007-05-08,,,25
1954,2007-05-09,,,25
1955,2007-05-10,,,25
1956,2007-05-11,,,25
1957,2007-05-12,1.3,0.45,25
1958,2007-05-13,,,25
1959,2007-05-14,,,25
1960,2007-05-15,2.9,1.4,25
1961,2007-05-16,,,25
1962,2007-05-17,,,25
1963,2007-05-18,,,25
1964,2007-05-19,,,25
1965,2007-05-20,,,25
1966,2007-05-21,,,25
1967,2007-05-22,,,25
1968,2007-05-23,,,25
1969,2007-05-24,2.4,1.0,25
1970,2007-05-25,,,25
1971,2007-05-26,,,25
1972,2007-05-27,,,25
1973,2007-05-28,,,25
1974,2007-05-29,,,25
1975,2007-05-30,2.2,0.83,25
1976,2007-05-31,,,25
1977,2007-06-01,,,25
1978,2007-06-02,,,25
1979,2007-06-03,,,25
1980,2007-06-04,,,25
1981,2007-06-05,,,25
1982,2007-06-06,,,25
1983,2007-06-07,,,25
1984,2007-06-08,,,25
1985,2007-06-09,,,25
1986,2007-06-10,,,25
1987,2007-06-11,1.9,0.8,25
1988,2007-06-12,,,25
1989,2007-06-13,,,25
1990,2007-06-14,,,25
1991,2007-06-15,,,25
1992,2007-06-16,,,25
1993,2007-06-17,1.3,0.46,25
1994,2007-06-18,,,25
1995,2007-06-19,,,25
1996,2007-06-20,,,25
1997,2007-06-21,,,25
1998,2007-06-22,,,25
1999,2007-06-23,3.0,1.4,25
2000,2007-06-24,,,25
2001,2007-06-25,,,25
2002,2007-06-26,1.6,1.0,25
2003,2007-06-27,,,25
2004,2007-06-28,,,25
2005,2007-06-29,,,25
2006,2007-06-30,,,25
2007,2007-07-01,,,25
2008,2007-07-02,,,25
2009,2007-07-03,,,25
2010,2007-07-04,,,25
2011,2007-07-05,2.3,0.94,25
2012,2007-07-06,,,25
2013,2007-07-07,,,25
2014,2007-07-08,,,25
2015,2007-07-09,,,25
2016,2007-07-10,,,25
2017,2007-07-11,1.6,1.0,25
2018,2007-07-12,,,25
2019,2007-07-13,,,25
2020,2007-07-14,,,25
2021,2007-07-15,,,25
2022,2007-07-16,,,25
2023,2007-07-17,2.1,0.55,25
2024,2007-07-18,,,25
2025,2007-07-19,,,25
2026,2007-07-20,,,25
2027,2007-07-21,,,25
2028,2007-07-22,,,25
2029,2007-07-23,,,25
2030,2007-07-24,2.5,0.76,25
2031,2007-07-25,,,25
2032,2007-07-26,,,25
2033,2007-07-27,,,25
2034,2007-07-28,,,25
2035,2007-07-29,2.2,0.84,25
2036,2007-07-30,,,25
2037,2007-07-31,,,25
2038,2007-08-01,,,25
2039,2007-08-02,,,25
2040,2007-08-03,,,25
2041,2007-08-04,2.4,0.74,25
2042,2007-08-05,,,25
2043,2007-08-06,,,25
2044,2007-08-07,1.4,0.69,25
2045,2007-08-08,,,25
2046,2007-08-09,,,25
2047,2007-08-10,,,25
2048,2007-08-11,,,25
2049,2007-08-12,,,25
2050,2007-08-13,,,25
2051,2007-08-14,,,25
2052,2007-08-15,,,25
2053,2007-08-16,2.4,0.56,25
2054,2007-08-17,,,25
2055,2007-08-18,,,25
2056,2007-08-19,,,25
2057,2007-08-20,,,25
2058,2007-08-21,,,25
2059,2007-08-22,2.4,0.72,25
2060,2007-08-23,,,25
2061,2007-08-24,,,25
2062,2007-08-25,,,25
2063,2007-08-26,,,25
2064,2007-08-27,,,25
2065,2007-08-28,1.8,0.25,25
2066,2007-08-29,,,25
2067,2007-08-30,,,25
2068,2007-08-31,,,25
2069,2007-09-01,,,25
2070,2007-09-02,,,25
2071,2007-09-03,2.3,0.55,25
2072,2007-09-04,,,25
2073,2007-09-05,,,25
2074,2007-09-06,,,25
2075,2007-09-07,,,25
2076,2007-09-08,,,25
2077,2007-09-09,2.0,0.86,25
2078,2007-09-10,,,25
2079,2007-09-11,,,25
2080,2007-09-12,,,25
2081,2007-09-13,,,25
2082,2007-09-14,,,25
2083,2007-09-15,2.5,0.93,25
2084,2007-09-16,,,25
2085,2007-09-17,,,25
2086,2007-09-18,1.4,0.76,25
2087,2007-09-19,,,25
2088,2007-09-20,,,25
2089,2007-09-21,,,25
2090,2007-09-22,,,25
2091,2007-09-23,,,25
2092,2007-09-24,,,25
2093,2007-09-25,,,25
2094,2007-09-26,,,25
2095,2007-09-27,1.1,2.0,25
2096,2007-09-28,,,25
2097,2007-09-29,,,25
2098,2007-09-30,,,25
2099,2007-10-01,,,25
2100,2007-10-02,,,25
2101,2007-10-03,2.9,0.68,25
2102,2007-10-04,,,25
2103,2007-10-05,,,25
2104,2007-10-06,,,25
2105,2007-10-07,,,25
2106,2007-10-08,,,25
2107,2007-10-09,1.3,1.8,25
2108,2007-10-10,,,25
2109,2007-10-11,,,25
2110,2007-10-12,,,25
2111,2007-10-13,,,25
2112,2007-10-14,,,25
2113,2007-10-15,1.4,2.5,25
2114,2007-10-16,,,25
2115,2007-10-17,,,25
2116,2007-10-18,,,25
2117,2007-10-19,,,25
2118,2007-10-20,,,25
2119,2007-10-21,,,25
2120,2007-10-22,,,25
2121,2007-10-23,,,25
2122,2007-10-24,,,25
2123,2007-10-25,,,25
2124,2007-10-26,,,25
2125,2007-10-27,2.4,3.1,25
2126,2007-10-28,,,25
2127,2007-10-29,,,25
2128,2007-10-30,1.2,0.58,25
2129,2007-10-31,,,25
2130,2007-11-01,,,25
2131,2007-11-02,,,25
2132,2007-11-03,,,25
2133,2007-11-04,,,25
2134,2007-11-05,,,25
2135,2007-11-06,,,25
2136,2007-11-07,,,25
2137,2007-11-08,4.3,5.5,25
2138,2007-11-09,,,25
2139,2007-11-10,,,25
2140,2007-11-11,,,25
2141,2007-11-12,,,25
2142,2007-11-13,,,25
2143,2007-11-14,1.4,1.5,25
2144,2007-11-15,,,25
2145,2007-11-16,,,25
2146,2007-11-17,,,25
2147,2007-11-18,,,25
2148,2007-11-19,,,25
2149,2007-11-20,2.7,13.0,25
2150,2007-11-21,,,25
2151,2007-11-22,,,25
2152,2007-11-23,,,25
2153,2007-11-24,,,25
2154,2007-11-25,,,25
2155,2007-11-26,1.1,5.3,25
2156,2007-11-27,,,25
2157,2007-11-28,,,25
2158,2007-11-29,,,25
2159,2007-11-30,,,25
2160,2007-12-01,,,25
2161,2007-12-02,0.56,1.9,25
2162,2007-12-03,,,25
2163,2007-12-04,,,25
2164,2007-12-05,,,25
2165,2007-12-06,,,25
2166,2007-12-07,,,25
2167,2007-12-08,0.6,0.4,25
2168,2007-12-09,,,25
2169,2007-12-10,,,25
2170,2007-12-11,0.76,2.7,25
2171,2007-12-12,,,25
2172,2007-12-13,,,25
2173,2007-12-14,,,25
2174,2007-12-15,,,25
2175,2007-12-16,,,25
2176,2007-12-17,,,25
2177,2007-12-18,,,25
2178,2007-12-19,,,25
2179,2007-12-20,1.6,5.9,25
2180,2007-12-21,,,25
2181,2007-12-22,,,25
2182,2007-12-23,,,25
2183,2007-12-24,,,25
2184,2007-12-25,,,25
2185,2007-12-26,0.74,3.8,25
2186,2007-12-27,,,25
2187,2007-12-28,,,25
2188,2007-12-29,,,25
2189,2007-12-30,,,25
2190,2007-12-31,,,25
2191,2008-01-01,0.36,1.2,25
2192,2008-01-02,,,25
2193,2008-01-03,,,25
2194,2008-01-04,,,25
2195,2008-01-05,,,25
2196,2008-01-06,,,25
2197,2008-01-07,0.21,1.4,25
2198,2008-01-08,,,25
2199,2008-01-09,,,25
2200,2008-01-10,,,25
2201,2008-01-11,,,25
2202,2008-01-12,,,25
2203,2008-01-13,0.43,1.4,25
2204,2008-01-14,,,25
2205,2008-01-15,,,25
2206,2008-01-16,,,25
2207,2008-01-17,,,25
2208,2008-01-18,,,25
2209,2008-01-19,0.79,3.1,25
2210,2008-01-20,,,25
2211,2008-01-21,,,25
2212,2008-01-22,,,25
2213,2008-01-23,1.1,3.4,25
2214,2008-01-24,,,25
2215,2008-01-25,,,25
2216,2008-01-26,,,25
2217,2008-01-27,,,25
2218,2008-01-28,,,25
2219,2008-01-29,,,25
2220,2008-01-30,,,25
2221,2008-01-31,0.31,1.9,25
2222,2008-02-01,,,25
2223,2008-02-02,,,25
2224,2008-02-03,,,25
2225,2008-02-04,,,25
2226,2008-02-05,,,25
2227,2008-02-06,0.64,3.8,25
2228,2008-02-07,,,25
2229,2008-02-08,,,25
2230,2008-02-09,,,25
2231,2008-02-10,,,25
2232,2008-02-11,,,25
2233,2008-02-12,0.34,0.45,25
2234,2008-02-13,,,25
2235,2008-02-14,,,25
2236,2008-02-15,,,25
2237,2008-02-16,,,25
2238,2008-02-17,,,25
2239,2008-02-18,1.0,8.0,25
2240,2008-02-19,,,25
2241,2008-02-20,,,25
2242,2008-02-21,,,25
2243,2008-02-22,,,25
2244,2008-02-23,,,25
2245,2008-02-24,0.66,2.1,25
2246,2008-02-25,,,25
2247,2008-02-26,,,25
2248,2008-02-27,,,25
2249,2008-02-28,,,25
2250,2008-02-29,,,25
2251,2008-03-01,1.4,3.0,25
2252,2008-03-02,,,25
2253,2008-03-03,,,25
2254,2008-03-04,0.83,2.4,25
2255,2008-03-05,,,25
2256,2008-03-06,,,25
2257,2008-03-07,,,25
2258,2008-03-08,,,25
2259,2008-03-09,,,25
2260,2008-03-10,,,25
2261,2008-03-11,,,25
2262,2008-03-12,,,25
2263,2008-03-13,,,25
2264,2008-03-14,,,25
2265,2008-03-15,,,25
2266,2008-03-16,,,25
2267,2008-03-17,,,25
2268,2008-03-18,,,25
2269,2008-03-19,1.2,2.5,25
2270,2008-03-20,,,25
2271,2008-03-21,,,25
2272,2008-03-22,,,25
2273,2008-03-23,,,25
2274,2008-03-24,,,25
2275,2008-03-25,1.4,1.0,25
2276,2008-03-26,,,25
2277,2008-03-27,,,25
2278,2008-03-28,,,25
2279,2008-03-29,,,25
2280,2008-03-30,,,25
2281,2008-03-31,1.9,1.0,25
2282,2008-04-01,,,25
2283,2008-04-02,,,25
2284,2008-04-03,,,25
2285,2008-04-04,,,25
2286,2008-04-05,,,25
2287,2008-04-06,1.5,0.93,25
2288,2008-04-07,,,25
2289,2008-04-08,,,25
2290,2008-04-09,,,25
2291,2008-04-10,,,25
2292,2008-04-11,,,25
2293,2008-04-12,,,25
2294,2008-04-13,,,25
2295,2008-04-14,,,25
2296,2008-04-15,1.2,0.52,25
2297,2008-04-16,,,25
2298,2008-04-17,,,25
2299,2008-04-18,,,25
2300,2008-04-19,,,25
2301,2008-04-20,,,25
2302,2008-04-21,,,25
2303,2008-04-22,,,25
2304,2008-04-23,,,25
2305,2008-04-24,1.5,0.66,25
2306,2008-04-25,,,25
2307,2008-04-26,,,25
2308,2008-04-27,,,25
2309,2008-04-28,,,25
2310,2008-04-29,,,25
2311,2008-04-30,2.6,0.77,25
2312,2008-05-01,,,25
2313,2008-05-02,,,25
2314,2008-05-03,,,25
2315,2008-05-04,,,25
2316,2008-05-05,,,25
2317,2008-05-06,1.4,0.71,25
2318,2008-05-07,,,25
2319,2008-05-08,,,25
2320,2008-05-09,,,25
2321,2008-05-10,,,25
2322,2008-05-11,,,25
2323,2008-05-12,,,25
2324,2008-05-13,,,25
2325,2008-05-14,,,25
2326,2008-05-15,,,25
2327,2008-05-16,,,25
2328,2008-05-17,,,25
2329,2008-05-18,1.7,0.52,25
2330,2008-05-19,,,25
2331,2008-05-20,,,25
2332,2008-05-21,,,25
2333,2008-05-22,,,25
2334,2008-05-23,,,25
2335,2008-05-24,,,25
2336,2008-05-25,,,25
2337,2008-05-26,0.7,0.25,25
2338,2008-05-27,,,25
2339,2008-05-28,0.93,0.44,25
2340,2008-05-29,,,25
2341,2008-05-30,,,25
2342,2008-05-31,,,25
2343,2008-06-01,,,25
2344,2008-06-02,,,25
2345,2008-06-03,,,25
2346,2008-06-04,,,25
2347,2008-06-05,1.0,0.37,25
2348,2008-06-06,,,25
2349,2008-06-07,,,25
2350,2008-06-08,,,25
2351,2008-06-09,,,25
2352,2008-06-10,,,25
2353,2008-06-11,1.7,1.1,25
2354,2008-06-12,,,25
2355,2008-06-13,,,25
2356,2008-06-14,,,25
2357,2008-06-15,,,25
2358,2008-06-16,,,25
2359,2008-06-17,,,25
2360,2008-06-18,,,25
2361,2008-06-19,,,25
2362,2008-06-20,,,25
2363,2008-06-21,,,25
2364,2008-06-22,,,25
2365,2008-06-23,,,25
2366,2008-06-24,,,25
2367,2008-06-25,,,25
2368,2008-06-26,,,25
2369,2008-06-27,,,25
2370,2008-06-28,,,25
2371,2008-06-29,2.5,0.69,25
2372,2008-06-30,,,25
2373,2008-07-01,,,25
2374,2008-07-02,,,25
2375,2008-07-03,,,25
2376,2008-07-04,,,25
2377,2008-07-05,2.5,1.1,25
2378,2008-07-06,,,25
2379,2008-07-07,,,25
2380,2008-07-08,2.7,1.4,25
2381,2008-07-09,,,25
2382,2008-07-10,,,25
2383,2008-07-11,,,25
2384,2008-07-12,,,25
2385,2008-07-13,,,25
2386,2008-07-14,,,25
2387,2008-07-15,,,25
2388,2008-07-16,,,25
2389,2008-07-17,3.2,1.1,25
2390,2008-07-18,,,25
2391,2008-07-19,,,25
2392,2008-07-20,,,25
2393,2008-07-21,,,25
2394,2008-07-22,,,25
2395,2008-07-23,1.9,0.61,25
2396,2008-07-24,,,25
2397,2008-07-25,,,25
2398,2008-07-26,,,25
2399,2008-07-27,,,25
2400,2008-07-28,,,25
2401,2008-07-29,1.9,0.72,25
2402,2008-07-30,,,25
2403,2008-07-31,,,25
2404,2008-08-01,,,25
2405,2008-08-02,,,25
2406,2008-08-03,,,25
2407,2008-08-04,3.4,1.2,25
2408,2008-08-05,,,25
2409,2008-08-06,,,25
2410,2008-08-07,,,25
2411,2008-08-08,,,25
2412,2008-08-09,,,25
2413,2008-08-10,1.9,0.52,25
2414,2008-08-11,,,25
2415,2008-08-12,,,25
2416,2008-08-13,,,25
2417,2008-08-14,,,25
2418,2008-08-15,,,25
2419,2008-08-16,2.7,1.1,25
2420,2008-08-17,,,25
2421,2008-08-18,,,25
2422,2008-08-19,1.6,0.3,25
2423,2008-08-20,,,25
2424,2008-08-21,,,25
2425,2008-08-22,,,25
2426,2008-08-23,,,25
2427,2008-08-24,,,25
2428,2008-08-25,,,25
2429,2008-08-26,,,25
2430,2008-08-27,,,25
2431,2008-08-28,1.2,0.51,25
2432,2008-08-29,,,25
2433,2008-08-30,,,25
2434,2008-08-31,,,25
2435,2008-09-01,,,25
2436,2008-09-02,,,25
2437,2008-09-03,2.2,0.61,25
2438,2008-09-04,,,25
2439,2008-09-05,,,25
2440,2008-09-06,,,25
2441,2008-09-07,,,25
2442,2008-09-08,,,25
2443,2008-09-09,1.7,0.63,25
2444,2008-09-10,,,25
2445,2008-09-11,,,25
2446,2008-09-12,,,25
2447,2008-09-13,,,25
2448,2008-09-14,,,25
2449,2008-09-15,2.0,0.34,25
2450,2008-09-16,,,25
2451,2008-09-17,,,25
2452,2008-09-18,,,25
2453,2008-09-19,,,25
2454,2008-09-20,,,25
2455,2008-09-21,1.5,0.45,25
2456,2008-09-22,,,25
2457,2008-09-23,,,25
2458,2008-09-24,,,25
2459,2008-09-25,,,25
2460,2008-09-26,,,25
2461,2008-09-27,1.5,0.33,25
2462,2008-09-28,,,25
2463,2008-09-29,,,25
2464,2008-09-30,2.6,0.31,25
2465,2008-10-01,,,25
2466,2008-10-02,,,25
2467,2008-10-03,,,25
2468,2008-10-04,,,25
2469,2008-10-05,,,25
2470,2008-10-06,,,25
2471,2008-10-07,,,25
2472,2008-10-08,,,25
2473,2008-10-09,1.4,0.6,25
2474,2008-10-10,,,25
2475,2008-10-11,,,25
2476,2008-10-12,,,25
2477,2008-10-13,,,25
2478,2008-10-14,,,25
2479,2008-10-15,1.2,0.21,25
2480,2008-10-16,,,25
2481,2008-10-17,,,25
2482,2008-10-18,,,25
2483,2008-10-19,,,25
2484,2008-10-20,,,25
2485,2008-10-21,1.2,0.73,25
2486,2008-10-22,,,25
2487,2008-10-23,,,25
2488,2008-10-24,,,25
2489,2008-10-25,,,25
2490,2008-10-26,,,25
2491,2008-10-27,1.0,0.51,25
2492,2008-10-28,,,25
2493,2008-10-29,,,25
2494,2008-10-30,,,25
2495,2008-10-31,,,25
2496,2008-11-01,,,25
2497,2008-11-02,0.93,0.25,25
2498,2008-11-03,,,25
2499,2008-11-04,,,25
2500,2008-11-05,,,25
2501,2008-11-06,,,25
2502,2008-11-07,,,25
2503,2008-11-08,0.45,0.55,25
2504,2008-11-09,,,25
2505,2008-11-10,,,25
2506,2008-11-11,0.67,1.3,25
2507,2008-11-12,,,25
2508,2008-11-13,,,25
2509,2008-11-14,,,25
2510,2008-11-15,,,25
2511,2008-11-16,,,25
2512,2008-11-17,,,25
2513,2008-11-18,,,25
2514,2008-11-19,,,25
2515,2008-11-20,0.9,2.0,25
2516,2008-11-21,,,25
2517,2008-11-22,,,25
2518,2008-11-23,,,25
2519,2008-11-24,,,25
2520,2008-11-25,,,25
2521,2008-11-26,,,25
2522,2008-11-27,,,25
2523,2008-11-28,,,25
2524,2008-11-29,,,25
2525,2008-11-30,,,25
2526,2008-12-01,,,25
2527,2008-12-02,1.0,4.2,25
2528,2008-12-03,,,25
2529,2008-12-04,0.56,2.8,25
2530,2008-12-05,,,25
2531,2008-12-06,,,25
2532,2008-12-07,,,25
2533,2008-12-08,,,25
2534,2008-12-09,,,25
2535,2008-12-10,,,25
2536,2008-12-11,,,25
2537,2008-12-12,,,25
2538,2008-12-13,,,25
2539,2008-12-14,0.43,0.44,25
2540,2008-12-15,,,25
2541,2008-12-16,,,25
2542,2008-12-17,,,25
2543,2008-12-18,,,25
2544,2008-12-19,,,25
2545,2008-12-20,0.63,5.7,25
2546,2008-12-21,,,25
2547,2008-12-22,,,25
2548,2008-12-23,0.43,0.41,25
2549,2008-12-24,,,25
2550,2008-12-25,,,25
2551,2008-12-26,,,25
2552,2008-12-27,,,25
2553,2008-12-28,,,25
2554,2008-12-29,,,25
2555,2008-12-30,,,25
2556,2008-12-31,,,25
2557,2009-01-01,,,25
2558,2009-01-02,,,25
2559,2009-01-03,,,25
2560,2009-01-04,,,25
2561,2009-01-05,,,25
2562,2009-01-06,0.88,9.0,25
2563,2009-01-07,,,25
2564,2009-01-08,1.2,15.0,25
2565,2009-01-09,,,25
2566,2009-01-10,,,25
2567,2009-01-11,,,25
2568,2009-01-12,,,25
2569,2009-01-13,0.38,0.6,25
2570,2009-01-14,,,25
2571,2009-01-15,,,25
2572,2009-01-16,,,25
2573,2009-01-17,,,25
2574,2009-01-18,,,25
2575,2009-01-19,,,25
2576,2009-01-20,,,25
2577,2009-01-21,0.5,0.66,25
2578,2009-01-22,,,25
2579,2009-01-23,,,25
2580,2009-01-24,,,25
2581,2009-01-25,0.7,0.38,25
2582,2009-01-26,,,25
2583,2009-01-27,,,25
2584,2009-01-28,,,25
2585,2009-01-29,,,25
2586,2009-01-30,,,25
2587,2009-01-31,0.3,0.86,25
2588,2009-02-01,,,25
2589,2009-02-02,,,25
2590,2009-02-03,0.28,0.54,25
2591,2009-02-04,,,25
2592,2009-02-05,,,25
2593,2009-02-06,,,25
2594,2009-02-07,,,25
2595,2009-02-08,,,25
2596,2009-02-09,,,25
2597,2009-02-10,,,25
2598,2009-02-11,,,25
2599,2009-02-12,,,25
2600,2009-02-13,,,25
2601,2009-02-14,,,25
2602,2009-02-15,,,25
2603,2009-02-16,0.62,3.7,25
2604,2009-02-17,,,25
2605,2009-02-18,0.32,1.5,25
2606,2009-02-19,,,25
2607,2009-02-20,,,25
2608,2009-02-21,,,25
2609,2009-02-22,,,25
2610,2009-02-23,,,25
2611,2009-02-24,0.49,0.73,25
2612,2009-02-25,,,25
2613,2009-02-26,,,25
2614,2009-02-27,,,25
2615,2009-02-28,,,25
2616,2009-03-01,,,25
2617,2009-03-02,0.83,1.0,25
2618,2009-03-03,,,25
2619,2009-03-04,,,25
2620,2009-03-05,,,25
2621,2009-03-06,,,25
2622,2009-03-07,,,25
2623,2009-03-08,0.82,1.8,25
2624,2009-03-09,,,25
2625,2009-03-10,,,25
2626,2009-03-11,,,25
2627,2009-03-12,,,25
2628,2009-03-13,,,25
2629,2009-03-14,1.4,2.1,25
2630,2009-03-15,,,25
2631,2009-03-16,,,25
2632,2009-03-17,1.3,1.8,25
2633,2009-03-18,,,25
2634,2009-03-19,,,25
2635,2009-03-20,,,25
2636,2009-03-21,,,25
2637,2009-03-22,,,25
2638,2009-03-23,,,25
2639,2009-03-24,,,25
2640,2009-03-25,,,25
2641,2009-03-26,0.83,1.1,25
2642,2009-03-27,,,25
2643,2009-03-28,,,25
2644,2009-03-29,,,25
2645,2009-03-30,,,25
2646,2009-03-31,,,25
2647,2009-04-01,,,25
2648,2009-04-02,,,25
2649,2009-04-03,,,25
2650,2009-04-04,,,25
2651,2009-04-05,1.5,0.42,25
2652,2009-04-06,,,25
2653,2009-04-07,,,25
2654,2009-04-08,,,25
2655,2009-04-09,,,25
2656,2009-04-10,,,25
2657,2009-04-11,,,25
2658,2009-04-12,,,25
2659,2009-04-13,1.2,1.2,25
2660,2009-04-14,,,25
2661,2009-04-15,,,25
2662,2009-04-16,,,25
2663,2009-04-17,,,25
2664,2009-04-18,,,25
2665,2009-04-19,1.1,,25
2666,2009-04-20,,,25
2667,2009-04-21,,,25
2668,2009-04-22,,,25
2669,2009-04-23,,,25
2670,2009-04-24,,,25
2671,2009-04-25,,,25
2672,2009-04-26,,,25
2673,2009-04-27,,,25
2674,2009-04-28,2.4,,25
2675,2009-04-29,,,25
2676,2009-04-30,,,25
2677,2009-05-01,,,25
2678,2009-05-02,,,25
2679,2009-05-03,,,25
2680,2009-05-04,,,25
2681,2009-05-05,,,25
2682,2009-05-06,,,25
2683,2009-05-07,2.0,0.79,25
2684,2009-05-08,,,25
2685,2009-05-09,,,25
2686,2009-05-10,,,25
2687,2009-05-11,,,25
2688,2009-05-12,,,25
2689,2009-05-13,2.1,1.1,25
2690,2009-05-14,,,25
2691,2009-05-15,,,25
2692,2009-05-16,,,25
2693,2009-05-17,,,25
2694,2009-05-18,,,25
2695,2009-05-19,,,25
2696,2009-05-20,,,25
2697,2009-05-21,,,25
2698,2009-05-22,,,25
2699,2009-05-23,,,25
2700,2009-05-24,,,25
2701,2009-05-25,1.8,0.85,25
2702,2009-05-26,,,25
2703,2009-05-27,,,25
2704,2009-05-28,,,25
2705,2009-05-29,,,25
2706,2009-05-30,,,25
2707,2009-05-31,2.0,0.92,25
2708,2009-06-01,,,25
2709,2009-06-02,,,25
2710,2009-06-03,,,25
2711,2009-06-04,,,25
2712,2009-06-05,,,25
2713,2009-06-06,0.84,0.41,25
2714,2009-06-07,,,25
2715,2009-06-08,,,25
2716,2009-06-09,,,25
2717,2009-06-10,,,25
2718,2009-06-11,,,25
2719,2009-06-12,,,25
2720,2009-06-13,,,25
2721,2009-06-14,,,25
2722,2009-06-15,,,25
2723,2009-06-16,0.77,0.22,25
2724,2009-06-17,,,25
2725,2009-06-18,2.3,1.1,25
2726,2009-06-19,,,25
2727,2009-06-20,,,25
2728,2009-06-21,,,25
2729,2009-06-22,,,25
2730,2009-06-23,,,25
2731,2009-06-24,2.7,1.4,25
2732,2009-06-25,,,25
2733,2009-06-26,,,25
2734,2009-06-27,,,25
2735,2009-06-28,,,25
2736,2009-06-29,,,25
2737,2009-06-30,2.7,1.4,25
2738,2009-07-01,,,25
2739,2009-07-02,,,25
2740,2009-07-03,,,25
2741,2009-07-04,,,25
2742,2009-07-05,,,25
2743,2009-07-06,2.0,0.74,25
2744,2009-07-07,,,25
2745,2009-07-08,,,25
2746,2009-07-09,,,25
2747,2009-07-10,,,25
2748,2009-07-11,,,25
2749,2009-07-12,2.0,0.72,25
2750,2009-07-13,,,25
2751,2009-07-14,,,25
2752,2009-07-15,,,25
2753,2009-07-16,,,25
2754,2009-07-17,,,25
2755,2009-07-18,2.0,0.67,25
2756,2009-07-19,,,25
2757,2009-07-20,,,25
2758,2009-07-21,3.0,1.0,25
2759,2009-07-22,,,25
2760,2009-07-23,,,25
2761,2009-07-24,,,25
2762,2009-07-25,,,25
2763,2009-07-26,,,25
2764,2009-07-27,,,25
2765,2009-07-28,,,25
2766,2009-07-29,,,25
2767,2009-07-30,,,25
2768,2009-07-31,,,25
2769,2009-08-01,,,25
2770,2009-08-02,1.4,0.45,25
2771,2009-08-03,,,25
2772,2009-08-04,,,25
2773,2009-08-05,1.3,0.48,25
2774,2009-08-06,,,25
2775,2009-08-07,,,25
2776,2009-08-08,,,25
2777,2009-08-09,,,25
2778,2009-08-10,,,25
2779,2009-08-11,2.1,0.79,25
2780,2009-08-12,,,25
2781,2009-08-13,,,25
2782,2009-08-14,,,25
2783,2009-08-15,,,25
2784,2009-08-16,,,25
2785,2009-08-17,1.9,0.72,25
2786,2009-08-18,,,25
2787,2009-08-19,,,25
2788,2009-08-20,,,25
2789,2009-08-21,,,25
2790,2009-08-22,,,25
2791,2009-08-23,2.4,0.57,25
2792,2009-08-24,,,25
2793,2009-08-25,,,25
2794,2009-08-26,,,25
2795,2009-08-27,,,25
2796,2009-08-28,,,25
2797,2009-08-29,,,25
2798,2009-08-30,,,25
2799,2009-08-31,,,25
2800,2009-09-01,,,25
2801,2009-09-02,1.5,0.45,25
2802,2009-09-03,,,25
2803,2009-09-04,1.9,0.5,25
2804,2009-09-05,,,25
2805,2009-09-06,,,25
2806,2009-09-07,1.4,0.59,25
2807,2009-09-08,,,25
2808,2009-09-09,,,25
2809,2009-09-10,,,25
2810,2009-09-11,,,25
2811,2009-09-12,,,25
2812,2009-09-13,,,25
2813,2009-09-14,,,25
2814,2009-09-15,,,25
2815,2009-09-16,2.1,1.4,25
2816,2009-09-17,,,25
2817,2009-09-18,,,25
2818,2009-09-19,,,25
2819,2009-09-20,,,25
2820,2009-09-21,,,25
2821,2009-09-22,1.0,0.31,25
2822,2009-09-23,,,25
2823,2009-09-24,,,25
2824,2009-09-25,,,25
2825,2009-09-26,,,25
2826,2009-09-27,,,25
2827,2009-09-28,1.4,0.47,25
2828,2009-09-29,,,25
2829,2009-09-30,,,25
2830,2009-10-01,,,25
2831,2009-10-02,,,25
2832,2009-10-03,,,25
2833,2009-10-04,,,25
2834,2009-10-05,,,25
2835,2009-10-06,,,25
2836,2009-10-07,,,25
2837,2009-10-08,,,25
2838,2009-10-09,,,25
2839,2009-10-10,1.6,2.3,25
2840,2009-10-11,,,25
2841,2009-10-12,,,25
2842,2009-10-13,,,25
2843,2009-10-14,1.1,0.59,25
2844,2009-10-15,,,25
2845,2009-10-16,,,25
2846,2009-10-17,,,25
2847,2009-10-18,,,25
2848,2009-10-19,,,25
2849,2009-10-20,,,25
2850,2009-10-21,,,25
2851,2009-10-22,0.56,0.38,25
2852,2009-10-23,,,25
2853,2009-10-24,,,25
2854,2009-10-25,,,25
2855,2009-10-26,,,25
2856,2009-10-27,,,25
2857,2009-10-28,0.28,0.15,25
2858,2009-10-29,,,25
2859,2009-10-30,,,25
2860,2009-10-31,,,25
2861,2009-11-01,,,25
2862,2009-11-02,,,25
2863,2009-11-03,0.42,0.4,25
2864,2009-11-04,,,25
2865,2009-11-05,,,25
2866,2009-11-06,,,25
2867,2009-11-07,,,25
2868,2009-11-08,,,25
2869,2009-11-09,1.2,1.1,25
2870,2009-11-10,,,25
2871,2009-11-11,,,25
2872,2009-11-12,,,25
2873,2009-11-13,,,25
2874,2009-11-14,,,25
2875,2009-11-15,0.77,1.2,25
2876,2009-11-16,,,25
2877,2009-11-17,,,25
2878,2009-11-18,,,25
2879,2009-11-19,,,25
2880,2009-11-20,,,25
2881,2009-11-21,1.7,4.3,25
2882,2009-11-22,,,25
2883,2009-11-23,,,25
2884,2009-11-24,0.29,0.33,25
2885,2009-11-25,,,25
2886,2009-11-26,,,25
2887,2009-11-27,,,25
2888,2009-11-28,,,25
2889,2009-11-29,,,25
2890,2009-11-30,,,25
2891,2009-12-01,,,25
2892,2009-12-02,,,25
2893,2009-12-03,,,25
2894,2009-12-04,,,25
2895,2009-12-05,,,25
2896,2009-12-06,1.3,1.6,25
2897,2009-12-07,,,25
2898,2009-12-08,,,25
2899,2009-12-09,0.63,4.2,25
2900,2009-12-10,,,25
2901,2009-12-11,,,25
2902,2009-12-12,,,25
2903,2009-12-13,,,25
2904,2009-12-14,,,25
2905,2009-12-15,0.36,2.0,25
2906,2009-12-16,,,25
2907,2009-12-17,,,25
2908,2009-12-18,,,25
2909,2009-12-19,,,25
2910,2009-12-20,,,25
2911,2009-12-21,1.0,6.7,25
2912,2009-12-22,,,25
2913,2009-12-23,,,25
2914,2009-12-24,,,25
2915,2009-12-25,,,25
2916,2009-12-26,,,25
2917,2009-12-27,0.31,2.5,25
2918,2009-12-28,,,25
2919,2009-12-29,,,25
2920,2009-12-30,,,25
2921,2009-12-31,,,25
2922,2010-01-01,,,25
2923,2010-01-02,0.41,2.3,25
2924,2010-01-03,,,25
2925,2010-01-04,,,25
2926,2010-01-05,0.34,1.1,25
2927,2010-01-06,,,25
2928,2010-01-07,,,25
2929,2010-01-08,,,25
2930,2010-01-09,,,25
2931,2010-01-10,,,25
2932,2010-01-11,,,25
2933,2010-01-12,0.56,2.2,25
2934,2010-01-13,,,25
2935,2010-01-14,,,25
2936,2010-01-15,,,25
2937,2010-01-16,,,25
2938,2010-01-17,,,25
2939,2010-01-18,,,25
2940,2010-01-19,,,25
2941,2010-01-20,0.54,0.8,25
2942,2010-01-21,,,25
2943,2010-01-22,,,25
2944,2010-01-23,,,25
2945,2010-01-24,,,25
2946,2010-01-25,,,25
2947,2010-01-26,0.42,6.0,25
2948,2010-01-27,,,25
2949,2010-01-28,,,25
2950,2010-01-29,,,25
2951,2010-01-30,,,25
2952,2010-01-31,,,25
2953,2010-02-01,0.9,4.7,25
2954,2010-02-02,,,25
2955,2010-02-03,,,25
2956,2010-02-04,,,25
2957,2010-02-05,,,25
2958,2010-02-06,,,25
2959,2010-02-07,,,25
2960,2010-02-08,,,25
2961,2010-02-09,,,25
2962,2010-02-10,0.29,0.49,25
2963,2010-02-11,,,25
2964,2010-02-12,,,25
2965,2010-02-13,,,25
2966,2010-02-14,,,25
2967,2010-02-15,,,25
2968,2010-02-16,,,25
2969,2010-02-17,0.7,0.74,25
2970,2010-02-18,,,25
2971,2010-02-19,,,25
2972,2010-02-20,,,25
2973,2010-02-21,,,25
2974,2010-02-22,,,25
2975,2010-02-23,,,25
2976,2010-02-24,,,25
2977,2010-02-25,0.42,0.48,25
2978,2010-02-26,,,25
2979,2010-02-27,,,25
2980,2010-02-28,,,25
2981,2010-03-01,,,25
2982,2010-03-02,,,25
2983,2010-03-03,0.85,0.77,25
2984,2010-03-04,,,25
2985,2010-03-05,,,25
2986,2010-03-06,,,25
2987,2010-03-07,,,25
2988,2010-03-08,,,25
2989,2010-03-09,1.0,0.37,25
2990,2010-03-10,,,25
2991,2010-03-11,,,25
2992,2010-03-12,,,25
2993,2010-03-13,,,25
2994,2010-03-14,,,25
2995,2010-03-15,0.7,0.3,25
2996,2010-03-16,,,25
2997,2010-03-17,,,25
2998,2010-03-18,,,25
2999,2010-03-19,,,25
3000,2010-03-20,,,25
3001,2010-03-21,0.64,0.81,25
3002,2010-03-22,,,25
3003,2010-03-23,,,25
3004,2010-03-24,,,25
3005,2010-03-25,,,25
3006,2010-03-26,,,25
3007,2010-03-27,,,25
3008,2010-03-28,,,25
3009,2010-03-29,,,25
3010,2010-03-30,1.3,0.76,25
3011,2010-03-31,,,25
3012,2010-04-01,,,25
3013,2010-04-02,,,25
3014,2010-04-03,,,25
3015,2010-04-04,,,25
3016,2010-04-05,,,25
3017,2010-04-06,,,25
3018,2010-04-07,0.37,0.22,25
3019,2010-04-08,,,25
3020,2010-04-09,,,25
3021,2010-04-10,,,25
3022,2010-04-11,,,25
3023,2010-04-12,,,25
3024,2010-04-13,,,25
3025,2010-04-14,1.8,1.4,25
3026,2010-04-15,,,25
3027,2010-04-16,,,25
3028,2010-04-17,,,25
3029,2010-04-18,,,25
3030,2010-04-19,,,25
3031,2010-04-20,,,25
3032,2010-04-21,,,25
3033,2010-04-22,0.3,0.28,25
3034,2010-04-23,,,25
3035,2010-04-24,,,25
3036,2010-04-25,,,25
3037,2010-04-26,1.3,0.86,25
3038,2010-04-27,,,25
3039,2010-04-28,,,25
3040,2010-04-29,,,25
3041,2010-04-30,,,25
3042,2010-05-01,,,25
3043,2010-05-02,,,25
3044,2010-05-03,,,25
3045,2010-05-04,,,25
3046,2010-05-05,,,25
3047,2010-05-06,,,25
3048,2010-05-07,,,25
3049,2010-05-08,,,25
3050,2010-05-09,,,25
3051,2010-05-10,,,25
3052,2010-05-11,,,25
3053,2010-05-12,,,25
3054,2010-05-13,,,25
3055,2010-05-14,,,25
3056,2010-05-15,,,25
3057,2010-05-16,,,25
3058,2010-05-17,,,25
3059,2010-05-18,,,25
3060,2010-05-19,,,25
3061,2010-05-20,,,25
3062,2010-05-21,,,25
3063,2010-05-22,,,25
3064,2010-05-23,,,25
3065,2010-05-24,,,25
3066,2010-05-25,,,25
3067,2010-05-26,,,25
3068,2010-05-27,,,25
3069,2010-05-28,,,25
3070,2010-05-29,,,25
3071,2010-05-30,,,25
3072,2010-05-31,,,25
3073,2010-06-01,,,25
3074,2010-06-02,,,25
3075,2010-06-03,,,25
3076,2010-06-04,,,25
3077,2010-06-05,,,25
3078,2010-06-06,,,25
3079,2010-06-07,,,25
3080,2010-06-08,,,25
3081,2010-06-09,,,25
3082,2010-06-10,,,25
3083,2010-06-11,,,25
3084,2010-06-12,,,25
3085,2010-06-13,,,25
3086,2010-06-14,,,25
3087,2010-06-15,,,25
3088,2010-06-16,,,25
3089,2010-06-17,,,25
3090,2010-06-18,,,25
3091,2010-06-19,,,25
3092,2010-06-20,,,25
3093,2010-06-21,,,25
3094,2010-06-22,,,25
3095,2010-06-23,,,25
3096,2010-06-24,,,25
3097,2010-06-25,,,25
3098,2010-06-26,,,25
3099,2010-06-27,,,25
3100,2010-06-28,,,25
3101,2010-06-29,,,25
3102,2010-06-30,,,25
3103,2010-07-01,,,25
3104,2010-07-02,,,25
3105,2010-07-03,,,25
3106,2010-07-04,,,25
3107,2010-07-05,,,25
3108,2010-07-06,,,25
3109,2010-07-07,,,25
3110,2010-07-08,,,25
3111,2010-07-09,,,25
3112,2010-07-10,,,25
3113,2010-07-11,,,25
3114,2010-07-12,,,25
3115,2010-07-13,,,25
3116,2010-07-14,,,25
3117,2010-07-15,,,25
3118,2010-07-16,,,25
3119,2010-07-17,,,25
3120,2010-07-18,,,25
3121,2010-07-19,,,25
3122,2010-07-20,,,25
3123,2010-07-21,,,25
3124,2010-07-22,,,25
3125,2010-07-23,,,25
3126,2010-07-24,,,25
3127,2010-07-25,,,25
3128,2010-07-26,,,25
3129,2010-07-27,,,25
3130,2010-07-28,,,25
3131,2010-07-29,,,25
3132,2010-07-30,,,25
3133,2010-07-31,,,25
3134,2010-08-01,,,25
3135,2010-08-02,,,25
3136,2010-08-03,,,25
3137,2010-08-04,,,25
3138,2010-08-05,,,25
3139,2010-08-06,,,25
3140,2010-08-07,,,25
3141,2010-08-08,,,25
3142,2010-08-09,,,25
3143,2010-08-10,,,25
3144,2010-08-11,,,25
3145,2010-08-12,,,25
3146,2010-08-13,,,25
3147,2010-08-14,,,25
3148,2010-08-15,,,25
3149,2010-08-16,,,25
3150,2010-08-17,,,25
3151,2010-08-18,,,25
3152,2010-08-19,,,25
3153,2010-08-20,,,25
3154,2010-08-21,,,25
3155,2010-08-22,,,25
3156,2010-08-23,,,25
3157,2010-08-24,,,25
3158,2010-08-25,,,25
3159,2010-08-26,,,25
3160,2010-08-27,,,25
3161,2010-08-28,,,25
3162,2010-08-29,,,25
3163,2010-08-30,,,25
3164,2010-08-31,,,25
3165,2010-09-01,,,25
3166,2010-09-02,,,25
3167,2010-09-03,,,25
3168,2010-09-04,,,25
3169,2010-09-05,,,25
3170,2010-09-06,,,25
3171,2010-09-07,,,25
3172,2010-09-08,,,25
3173,2010-09-09,,,25
3174,2010-09-10,,,25
3175,2010-09-11,,,25
3176,2010-09-12,,,25
3177,2010-09-13,,,25
3178,2010-09-14,,,25
3179,2010-09-15,,,25
3180,2010-09-16,,,25
3181,2010-09-17,,,25
3182,2010-09-18,,,25
3183,2010-09-19,,,25
3184,2010-09-20,,,25
3185,2010-09-21,,,25
3186,2010-09-22,,,25
3187,2010-09-23,,,25
3188,2010-09-24,,,25
3189,2010-09-25,,,25
3190,2010-09-26,,,25
3191,2010-09-27,,,25
3192,2010-09-28,,,25
3193,2010-09-29,,,25
3194,2010-09-30,,,25
3195,2010-10-01,,,25
3196,2010-10-02,,,25
3197,2010-10-03,,,25
3198,2010-10-04,,,25
3199,2010-10-05,,,25
3200,2010-10-06,,,25
3201,2010-10-07,,,25
3202,2010-10-08,,,25
3203,2010-10-09,,,25
3204,2010-10-10,,,25
3205,2010-10-11,,,25
3206,2010-10-12,,,25
3207,2010-10-13,,,25
3208,2010-10-14,,,25
3209,2010-10-15,,,25
3210,2010-10-16,,,25
3211,2010-10-17,,,25
3212,2010-10-18,,,25
3213,2010-10-19,,,25
3214,2010-10-20,,,25
3215,2010-10-21,,,25
3216,2010-10-22,,,25
3217,2010-10-23,,,25
3218,2010-10-24,,,25
3219,2010-10-25,,,25
3220,2010-10-26,,,25
3221,2010-10-27,,,25
3222,2010-10-28,,,25
3223,2010-10-29,,,25
3224,2010-10-30,,,25
3225,2010-10-31,,,25
3226,2010-11-01,,,25
3227,2010-11-02,,,25
3228,2010-11-03,,,25
3229,2010-11-04,,,25
3230,2010-11-05,,,25
3231,2010-11-06,,,25
3232,2010-11-07,,,25
3233,2010-11-08,,,25
3234,2010-11-09,,,25
3235,2010-11-10,,,25
3236,2010-11-11,,,25
3237,2010-11-12,,,25
3238,2010-11-13,,,25
3239,2010-11-14,,,25
3240,2010-11-15,,,25
3241,2010-11-16,,,25
3242,2010-11-17,,,25
3243,2010-11-18,,,25
3244,2010-11-19,,,25
3245,2010-11-20,,,25
3246,2010-11-21,,,25
3247,2010-11-22,,,25
3248,2010-11-23,,,25
3249,2010-11-24,,,25
3250,2010-11-25,,,25
3251,2010-11-26,,,25
3252,2010-11-27,,,25
3253,2010-11-28,,,25
3254,2010-11-29,,,25
3255,2010-11-30,,,25
3256,2010-12-01,,,25
3257,2010-12-02,,,25
3258,2010-12-03,,,25
3259,2010-12-04,,,25
3260,2010-12-05,,,25
3261,2010-12-06,,,25
3262,2010-12-07,,,25
3263,2010-12-08,,,25
3264,2010-12-09,,,25
3265,2010-12-10,,,25
3266,2010-12-11,,,25
3267,2010-12-12,,,25
3268,2010-12-13,,,25
3269,2010-12-14,,,25
3270,2010-12-15,,,25
3271,2010-12-16,,,25
3272,2010-12-17,,,25
3273,2010-12-18,,,25
3274,2010-12-19,,,25
3275,2010-12-20,,,25
3276,2010-12-21,,,25
3277,2010-12-22,,,25
3278,2010-12-23,,,25
3279,2010-12-24,,,25
3280,2010-12-25,,,25
3281,2010-12-26,,,25
3282,2010-12-27,,,25
3283,2010-12-28,,,25
3284,2010-12-29,,,25
3285,2010-12-30,,,25
3286,2010-12-31,,,25
